<?xml version="1.0" encoding="utf-8"?>
<COLLADA xmlns="http://www.collada.org/2005/11/COLLADASchema" version="1.4.1">
  <asset><contributor><author>Mixamo</author><authoring_tool>COLLADA Mixamo exporter</authoring_tool><comments></comments></contributor><created>2018-09-26T15:39:08Z</created><modified>2018-09-26T15:39:08Z</modified><revision></revision><title></title><unit meter="0.010000"/><up_axis>Y_UP</up_axis></asset>
  <library_animations>
    <animation id="mixamorig_Hips-anim" name="mixamorig_Hips"><source id="mixamorig_Hips-Matrix-animation-input"><float_array id="mixamorig_Hips-Matrix-animation-input-array" count="214">

0.000000 0.033333 0.066667 0.100000 0.133333 0.166667 0.200000 0.233333 0.266667 0.300000 0.333333 0.366667 0.400000 0.433333 0.466667 0.500000
0.533333 0.566667 0.600000 0.633333 0.666667 0.700000 0.733333 0.766667 0.800000 0.833333 0.866667 0.900000 0.933333 0.966667 1.000000 1.033333
1.066667 1.100000 1.133333 1.166667 1.200000 1.233333 1.266667 1.300000 1.333333 1.366667 1.400000 1.433333 1.466667 1.500000 1.533333 1.566667
1.600000 1.633333 1.666667 1.700000 1.733333 1.766667 1.800000 1.833333 1.866667 1.900000 1.933333 1.966667 2.000000 2.033333 2.066667 2.100000
2.133333 2.166667 2.200000 2.233333 2.266667 2.300000 2.333333 2.366667 2.400000 2.433333 2.466667 2.500000 2.533333 2.566667 2.600000 2.633333
2.666667 2.700000 2.733333 2.766667 2.800000 2.833333 2.866667 2.900000 2.933333 2.966667 3.000000 3.033333 3.066667 3.100000 3.133333 3.166667
3.200000 3.233333 3.266667 3.300000 3.333333 3.366667 3.400000 3.433333 3.466667 3.500000 3.533333 3.566667 3.600000 3.633333 3.666667 3.700000
3.733333 3.766667 3.800000 3.833333 3.866667 3.900000 3.933333 3.966667 4.000000 4.033333 4.066667 4.100000 4.133333 4.166667 4.200000 4.233333
4.266667 4.300000 4.333333 4.366667 4.400000 4.433333 4.466667 4.500000 4.533333 4.566667 4.600000 4.633333 4.666667 4.700000 4.733333 4.766667
4.800000 4.833333 4.866667 4.900000 4.933333 4.966667 5.000000 5.033333 5.066667 5.100000 5.133333 5.166667 5.200000 5.233333 5.266667 5.300000
5.333333 5.366667 5.400000 5.433333 5.466667 5.500000 5.533333 5.566667 5.600000 5.633333 5.666667 5.700000 5.733333 5.766667 5.800000 5.833333
5.866667 5.900000 5.933333 5.966667 6.000000 6.033333 6.066667 6.100000 6.133333 6.166667 6.200000 6.233333 6.266667 6.300000 6.333333 6.366667
6.400000 6.433333 6.466667 6.500000 6.533333 6.566667 6.600000 6.633333 6.666667 6.700000 6.733333 6.766667 6.800000 6.833333 6.866667 6.900000
6.933333 6.966667 7.000000 7.033333 7.066667 7.100000</float_array><technique_common><accessor source="#mixamorig_Hips-Matrix-animation-input-array" count="214"><param name="TIME" type="float"/></accessor></technique_common></source><source id="mixamorig_Hips-Matrix-animation-output-transform"><float_array id="mixamorig_Hips-Matrix-animation-output-transform-array" count="3424">

0.827926 0.058446 -0.557784 0.486788 -0.044507 0.998265 0.038538 84.252167 0.559069 -0.007081 0.829091 -0.402825 0.000000 0.000000 0.000000 1.000000
0.828014 0.058240 -0.557675 0.488234 -0.044369 0.998278 0.038377 84.257889 0.558950 -0.007034 0.829172 -0.406476 0.000000 0.000000 0.000000 1.000000
0.828047 0.058044 -0.557646 0.496027 -0.044181 0.998289 0.038304 84.266060 0.558916 -0.007080 0.829194 -0.414461 0.000000 0.000000 0.000000 1.000000
0.828071 0.057814 -0.557634 0.510955 -0.043920 0.998301 0.038281 84.275070 0.558900 -0.007208 0.829204 -0.428383 0.000000 0.000000 0.000000 1.000000
0.828082 0.057581 -0.557641 0.533129 -0.043617 0.998313 0.038313 84.281456 0.558907 -0.007404 0.829197 -0.449331 0.000000 0.000000 0.000000 1.000000
0.828056 0.057371 -0.557702 0.560996 -0.043307 0.998324 0.038398 84.279938 0.558970 -0.007643 0.829153 -0.477068 0.000000 0.000000 0.000000 1.000000
0.828053 0.057083 -0.557737 0.590166 -0.042956 0.998339 0.038402 84.267822 0.559002 -0.007841 0.829129 -0.509335 0.000000 0.000000 0.000000 1.000000
0.828228 0.056725 -0.557514 0.616180 -0.042608 0.998358 0.038282 84.247459 0.558770 -0.007952 0.829285 -0.542714 0.000000 0.000000 0.000000 1.000000
0.828690 0.056581 -0.556840 0.637443 -0.042461 0.998366 0.038254 84.224800 0.558095 -0.008056 0.829738 -0.574055 0.000000 0.000000 0.000000 1.000000
0.829361 0.056779 -0.555821 0.653450 -0.042587 0.998353 0.038440 84.204109 0.557088 -0.008210 0.830413 -0.600517 0.000000 0.000000 0.000000 1.000000
0.829988 0.057068 -0.554854 0.664781 -0.042803 0.998335 0.038654 84.183640 0.556136 -0.008333 0.831049 -0.621662 0.000000 0.000000 0.000000 1.000000
0.830379 0.057245 -0.554250 0.674986 -0.042950 0.998325 0.038764 84.158394 0.555541 -0.008384 0.831447 -0.641343 0.000000 0.000000 0.000000 1.000000
0.830566 0.057492 -0.553945 0.686453 -0.043117 0.998310 0.038964 84.123184 0.555249 -0.008478 0.831641 -0.663370 0.000000 0.000000 0.000000 1.000000
0.830693 0.057992 -0.553702 0.698210 -0.043385 0.998279 0.039465 84.076431 0.555038 -0.008761 0.831779 -0.688251 0.000000 0.000000 0.000000 1.000000
0.830833 0.058511 -0.553437 0.710250 -0.043558 0.998244 0.040147 84.022781 0.554815 -0.009249 0.831923 -0.716030 0.000000 0.000000 0.000000 1.000000
0.830969 0.058828 -0.553199 0.724732 -0.043499 0.998220 0.040811 83.965164 0.554615 -0.009850 0.832049 -0.747208 0.000000 0.000000 0.000000 1.000000
0.831132 0.059073 -0.552928 0.742261 -0.043330 0.998198 0.041513 83.908150 0.554384 -0.010544 0.832194 -0.781489 0.000000 0.000000 0.000000 1.000000
0.831406 0.059390 -0.552483 0.760813 -0.043197 0.998171 0.042293 83.854019 0.553984 -0.011297 0.832450 -0.816738 0.000000 0.000000 0.000000 1.000000
0.831820 0.059585 -0.551839 0.778415 -0.042982 0.998151 0.042986 83.798805 0.553379 -0.012038 0.832842 -0.852213 0.000000 0.000000 0.000000 1.000000
0.832343 0.059510 -0.551057 0.795232 -0.042553 0.998146 0.043519 83.737671 0.552625 -0.012774 0.833332 -0.890769 0.000000 0.000000 0.000000 1.000000
0.832957 0.059348 -0.550146 0.812661 -0.042023 0.998145 0.044051 83.672897 0.551740 -0.013574 0.833906 -0.935216 0.000000 0.000000 0.000000 1.000000
0.833647 0.059332 -0.549101 0.830714 -0.041593 0.998134 0.044704 83.612114 0.550729 -0.014428 0.834560 -0.984113 0.000000 0.000000 0.000000 1.000000
0.834356 0.059422 -0.548014 0.848193 -0.041289 0.998117 0.045364 83.559731 0.549678 -0.015222 0.835238 -1.033399 0.000000 0.000000 0.000000 1.000000
0.835029 0.059455 -0.546984 0.864468 -0.040992 0.998104 0.045911 83.517250 0.548677 -0.015915 0.835883 -1.080504 0.000000 0.000000 0.000000 1.000000
0.835668 0.059447 -0.546009 0.878722 -0.040701 0.998095 0.046376 83.486725 0.547725 -0.016531 0.836495 -1.124913 0.000000 0.000000 0.000000 1.000000
0.836267 0.059493 -0.545086 0.889171 -0.040554 0.998085 0.046718 83.467926 0.546821 -0.016963 0.837078 -1.165152 0.000000 0.000000 0.000000 1.000000
0.836786 0.059551 -0.544282 0.894223 -0.040606 0.998080 0.046774 83.457771 0.546023 -0.017039 0.837597 -1.197454 0.000000 0.000000 0.000000 1.000000
0.837193 0.059532 -0.543658 0.894489 -0.040737 0.998084 0.046561 83.453201 0.545389 -0.016833 0.838014 -1.219993 0.000000 0.000000 0.000000 1.000000
0.837515 0.059403 -0.543176 0.892434 -0.040766 0.998095 0.046298 83.451881 0.544891 -0.016632 0.838342 -1.234960 0.000000 0.000000 0.000000 1.000000
0.837785 0.059261 -0.542775 0.889459 -0.040672 0.998104 0.046196 83.449646 0.544484 -0.016627 0.838607 -1.244255 0.000000 0.000000 0.000000 1.000000
0.837956 0.059245 -0.542513 0.884406 -0.040536 0.998101 0.046386 83.444283 0.544231 -0.016878 0.838766 -1.247333 0.000000 0.000000 0.000000 1.000000
0.837976 0.059397 -0.542466 0.875660 -0.040409 0.998084 0.046863 83.437698 0.544210 -0.017350 0.838770 -1.242866 0.000000 0.000000 0.000000 1.000000
0.837924 0.059601 -0.542523 0.862675 -0.040244 0.998061 0.047490 83.433136 0.544301 -0.017959 0.838698 -1.231384 0.000000 0.000000 0.000000 1.000000
0.837900 0.059820 -0.542536 0.845294 -0.040081 0.998036 0.048141 83.431648 0.544351 -0.018592 0.838652 -1.215241 0.000000 0.000000 0.000000 1.000000
0.837876 0.060133 -0.542538 0.823260 -0.040029 0.998006 0.048796 83.433182 0.544390 -0.019168 0.838613 -1.196709 0.000000 0.000000 0.000000 1.000000
0.837844 0.060431 -0.542555 0.796600 -0.039953 0.997977 0.049460 83.438568 0.544446 -0.019763 0.838563 -1.176921 0.000000 0.000000 0.000000 1.000000
0.837905 0.060497 -0.542453 0.765628 -0.039683 0.997961 0.050000 83.450043 0.544371 -0.020370 0.838597 -1.156475 0.000000 0.000000 0.000000 1.000000
0.838103 0.060267 -0.542172 0.730431 -0.039257 0.997965 0.050248 83.471092 0.544097 -0.020829 0.838764 -1.136212 0.000000 0.000000 0.000000 1.000000
0.838343 0.059821 -0.541850 0.690487 -0.038760 0.997986 0.050210 83.503967 0.543763 -0.021091 0.838974 -1.115800 0.000000 0.000000 0.000000 1.000000
0.838572 0.059299 -0.541554 0.645334 -0.038247 0.998014 0.050055 83.549469 0.543446 -0.021262 0.839175 -1.093450 0.000000 0.000000 0.000000 1.000000
0.838905 0.058674 -0.541107 0.596069 -0.037636 0.998046 0.049872 83.608383 0.542976 -0.021473 0.839474 -1.069831 0.000000 0.000000 0.000000 1.000000
0.839451 0.057590 -0.540375 0.545534 -0.036560 0.998101 0.049577 83.678856 0.542204 -0.021861 0.839963 -1.050134 0.000000 0.000000 0.000000 1.000000
0.840083 0.056023 -0.539557 0.495781 -0.035000 0.998178 0.049149 83.754875 0.541328 -0.022405 0.840513 -1.036370 0.000000 0.000000 0.000000 1.000000
0.840625 0.054521 -0.538867 0.446248 -0.033638 0.998255 0.048527 83.831818 0.540573 -0.022667 0.840992 -1.021170 0.000000 0.000000 0.000000 1.000000
0.841028 0.053194 -0.538370 0.395794 -0.032796 0.998337 0.047408 83.911049 0.539997 -0.022215 0.841374 -0.996182 0.000000 0.000000 0.000000 1.000000
0.841198 0.051561 -0.538263 0.343388 -0.032026 0.998447 0.045591 83.997826 0.539777 -0.021113 0.841543 -0.960395 0.000000 0.000000 0.000000 1.000000
0.840970 0.049417 -0.538820 0.288829 -0.030996 0.998585 0.043207 84.092514 0.540193 -0.019634 0.841312 -0.918095 0.000000 0.000000 0.000000 1.000000
0.840321 0.047073 -0.540042 0.233936 -0.029962 0.998733 0.040433 84.187180 0.541261 -0.017796 0.840666 -0.874317 0.000000 0.000000 0.000000 1.000000
0.839463 0.044836 -0.541564 0.180085 -0.029268 0.998874 0.037330 84.274544 0.542628 -0.015487 0.839830 -0.832872 0.000000 0.000000 0.000000 1.000000
0.838700 0.042721 -0.542915 0.126225 -0.028782 0.999002 0.034146 84.355896 0.543832 -0.013012 0.839093 -0.795819 0.000000 0.000000 0.000000 1.000000
0.838238 0.040646 -0.543787 0.073165 -0.028098 0.999113 0.031367 84.431320 0.544580 -0.011014 0.838637 -0.766893 0.000000 0.000000 0.000000 1.000000
0.838070 0.038744 -0.544185 0.027106 -0.027250 0.999203 0.029173 84.491570 0.544882 -0.009619 0.838458 -0.751775 0.000000 0.000000 0.000000 1.000000
0.838070 0.037339 -0.544283 -0.004567 -0.026832 0.999269 0.027237 84.525299 0.544902 -0.008222 0.838459 -0.752716 0.000000 0.000000 0.000000 1.000000
0.838151 0.036619 -0.544208 -0.020163 -0.027209 0.999309 0.025337 84.527809 0.544760 -0.006429 0.838568 -0.766408 0.000000 0.000000 0.000000 1.000000
0.838223 0.036409 -0.544112 -0.024126 -0.028072 0.999327 0.023623 84.504898 0.544605 -0.004528 0.838680 -0.785297 0.000000 0.000000 0.000000 1.000000
0.838153 0.036339 -0.544223 -0.023063 -0.028884 0.999335 0.022244 84.470016 0.544669 -0.002925 0.838646 -0.799237 0.000000 0.000000 0.000000 1.000000
0.837861 0.036127 -0.544686 -0.022667 -0.029360 0.999346 0.021120 84.436600 0.545093 -0.001704 0.838374 -0.798776 0.000000 0.000000 0.000000 1.000000
0.837396 0.035631 -0.545435 -0.025947 -0.029446 0.999365 0.020076 84.411346 0.545803 -0.000751 0.837913 -0.780607 0.000000 0.000000 0.000000 1.000000
0.836947 0.034852 -0.546172 -0.033197 -0.029178 0.999392 0.019061 84.393433 0.546505 -0.000017 0.837456 -0.749980 0.000000 0.000000 0.000000 1.000000
0.836752 0.034032 -0.546524 -0.043052 -0.028750 0.999421 0.018216 84.377869 0.546827 0.000470 0.837245 -0.716050 0.000000 0.000000 0.000000 1.000000
0.836900 0.033552 -0.546326 -0.053702 -0.028499 0.999437 0.017722 84.360413 0.546613 0.000738 0.837385 -0.685519 0.000000 0.000000 0.000000 1.000000
0.837288 0.033629 -0.545727 -0.063872 -0.028638 0.999434 0.017649 84.339066 0.546011 0.000851 0.837777 -0.661312 0.000000 0.000000 0.000000 1.000000
0.837720 0.034147 -0.545031 -0.072323 -0.029081 0.999416 0.017917 84.312439 0.545325 0.000840 0.838224 -0.644495 0.000000 0.000000 0.000000 1.000000
0.837969 0.034759 -0.544609 -0.078282 -0.029589 0.999395 0.018256 84.281059 0.544915 0.000816 0.838491 -0.635590 0.000000 0.000000 0.000000 1.000000
0.837889 0.035045 -0.544714 -0.083908 -0.029850 0.999385 0.018382 84.249489 0.545023 0.000858 0.838420 -0.635284 0.000000 0.000000 0.000000 1.000000
0.837565 0.034707 -0.545235 -0.092327 -0.029538 0.999397 0.018243 84.220673 0.545539 0.000825 0.838085 -0.644573 0.000000 0.000000 0.000000 1.000000
0.837205 0.033917 -0.545837 -0.103620 -0.028743 0.999424 0.018016 84.192039 0.546134 0.000606 0.837698 -0.664357 0.000000 0.000000 0.000000 1.000000
0.836969 0.033203 -0.546241 -0.116411 -0.027953 0.999449 0.017919 84.163422 0.546535 0.000271 0.837436 -0.694483 0.000000 0.000000 0.000000 1.000000
0.836920 0.032859 -0.546338 -0.130271 -0.027448 0.999460 0.018065 84.140274 0.546637 -0.000123 0.837370 -0.734216 0.000000 0.000000 0.000000 1.000000
0.837026 0.032749 -0.546182 -0.145037 -0.027066 0.999463 0.018449 84.123711 0.546494 -0.000659 0.837463 -0.782612 0.000000 0.000000 0.000000 1.000000
0.837205 0.032628 -0.545916 -0.160416 -0.026562 0.999467 0.019002 84.107956 0.546244 -0.001408 0.837625 -0.837609 0.000000 0.000000 0.000000 1.000000
0.837345 0.032420 -0.545712 -0.175477 -0.025877 0.999472 0.019671 84.088509 0.546062 -0.002350 0.837742 -0.897287 0.000000 0.000000 0.000000 1.000000
0.837323 0.032140 -0.545764 -0.188957 -0.025051 0.999477 0.020426 84.065987 0.546135 -0.003431 0.837690 -0.960819 0.000000 0.000000 0.000000 1.000000
0.837072 0.031795 -0.546167 -0.200496 -0.024114 0.999484 0.021228 84.041687 0.546560 -0.004599 0.837407 -1.026355 0.000000 0.000000 0.000000 1.000000
0.836621 0.031404 -0.546880 -0.211080 -0.023087 0.999490 0.022076 84.013947 0.547295 -0.005843 0.836920 -1.091187 0.000000 0.000000 0.000000 1.000000
0.835984 0.031025 -0.547876 -0.222243 -0.022015 0.999493 0.023008 83.980377 0.548312 -0.007173 0.836243 -1.155308 0.000000 0.000000 0.000000 1.000000
0.835181 0.030714 -0.549116 -0.234660 -0.020943 0.999491 0.024051 83.941093 0.549576 -0.008586 0.835400 -1.221804 0.000000 0.000000 0.000000 1.000000
0.834378 0.030494 -0.550348 -0.248825 -0.019857 0.999483 0.025275 83.899597 0.550835 -0.010161 0.834552 -1.293234 0.000000 0.000000 0.000000 1.000000
0.833773 0.030308 -0.551275 -0.267602 -0.018612 0.999468 0.026798 83.859550 0.551794 -0.012083 0.833893 -1.370378 0.000000 0.000000 0.000000 1.000000
0.833382 0.029987 -0.551883 -0.294574 -0.017009 0.999446 0.028621 83.818481 0.552435 -0.014465 0.833430 -1.454969 0.000000 0.000000 0.000000 1.000000
0.833116 0.029360 -0.552318 -0.330809 -0.014917 0.999420 0.030627 83.770287 0.552897 -0.017277 0.833071 -1.550600 0.000000 0.000000 0.000000 1.000000
0.833030 0.028397 -0.552498 -0.375926 -0.012373 0.999388 0.032711 83.713875 0.553089 -0.020414 0.832872 -1.658841 0.000000 0.000000 0.000000 1.000000
0.833265 0.027195 -0.552205 -0.430684 -0.009558 0.999349 0.034792 83.654221 0.552792 -0.023713 0.832982 -1.777602 0.000000 0.000000 0.000000 1.000000
0.833680 0.025781 -0.551646 -0.498976 -0.006595 0.999303 0.036735 83.596924 0.552209 -0.026987 0.833269 -1.904940 0.000000 0.000000 0.000000 1.000000
0.833931 0.024062 -0.551344 -0.584942 -0.003431 0.999256 0.038420 83.543297 0.551858 -0.030148 0.833393 -2.040908 0.000000 0.000000 0.000000 1.000000
0.833999 0.022095 -0.551324 -0.687311 -0.000090 0.999203 0.039909 83.490547 0.551766 -0.033234 0.833336 -2.185148 0.000000 0.000000 0.000000 1.000000
0.834141 0.019983 -0.551189 -0.801756 0.003395 0.999139 0.041360 83.434250 0.551541 -0.036372 0.833355 -2.338006 0.000000 0.000000 0.000000 1.000000
0.834346 0.017652 -0.550959 -0.926936 0.007152 0.999056 0.042839 83.369545 0.551195 -0.039683 0.833432 -2.504196 0.000000 0.000000 0.000000 1.000000
0.834484 0.015129 -0.550825 -1.064432 0.011210 0.998950 0.044420 83.293671 0.550918 -0.043243 0.833438 -2.687661 0.000000 0.000000 0.000000 1.000000
0.834773 0.012421 -0.550454 -1.215598 0.015697 0.998802 0.046344 83.208138 0.550370 -0.047327 0.833578 -2.884434 0.000000 0.000000 0.000000 1.000000
0.835349 0.009039 -0.549645 -1.381917 0.021309 0.998581 0.048807 83.117020 0.549306 -0.052483 0.833971 -3.086341 0.000000 0.000000 0.000000 1.000000
0.835848 0.004693 -0.548940 -1.565290 0.028353 0.998260 0.051707 83.020218 0.548228 -0.058784 0.834261 -3.286847 0.000000 0.000000 0.000000 1.000000
0.835947 0.000034 -0.548809 -1.765846 0.035857 0.997860 0.054679 82.924774 0.547637 -0.065388 0.834157 -3.483150 0.000000 0.000000 0.000000 1.000000
0.835826 -0.003830 -0.548981 -1.977052 0.042297 0.997453 0.057439 82.836945 0.547363 -0.071230 0.833859 -3.673235 0.000000 0.000000 0.000000 1.000000
0.835686 -0.006723 -0.549166 -2.193816 0.047370 0.997081 0.059878 82.752991 0.547160 -0.076054 0.833566 -3.861589 0.000000 0.000000 0.000000 1.000000
0.835278 -0.009365 -0.549747 -2.418055 0.051861 0.996739 0.061818 82.659866 0.547376 -0.080146 0.833040 -4.056954 0.000000 0.000000 0.000000 1.000000
0.834254 -0.012327 -0.551243 -2.655271 0.056357 0.996420 0.063009 82.543350 0.548493 -0.083632 0.831962 -4.268904 0.000000 0.000000 0.000000 1.000000
0.832558 -0.015517 -0.553721 -2.908998 0.060726 0.996140 0.063391 82.394875 0.550599 -0.086401 0.830286 -4.507627 0.000000 0.000000 0.000000 1.000000
0.830429 -0.018663 -0.556811 -3.181764 0.064805 0.995890 0.063271 82.212875 0.553342 -0.088626 0.828226 -4.781963 0.000000 0.000000 0.000000 1.000000
0.828262 -0.021733 -0.559919 -3.481421 0.068847 0.995624 0.063197 82.003815 0.556095 -0.090893 0.826134 -5.098034 0.000000 0.000000 0.000000 1.000000
0.826225 -0.024898 -0.562789 -3.827170 0.073216 0.995295 0.063455 81.780266 0.558562 -0.093633 0.824161 -5.462115 0.000000 0.000000 0.000000 1.000000
0.824155 -0.027985 -0.565673 -4.242202 0.077717 0.994919 0.064009 81.554626 0.561007 -0.096715 0.822142 -5.880003 0.000000 0.000000 0.000000 1.000000
0.822126 -0.029906 -0.568520 -4.735830 0.081171 0.994574 0.065062 81.337608 0.563489 -0.099636 0.820093 -6.351469 0.000000 0.000000 0.000000 1.000000
0.820563 -0.029277 -0.570805 -5.299129 0.082024 0.994382 0.066912 81.138580 0.565639 -0.101725 0.818355 -6.867194 0.000000 0.000000 0.000000 1.000000
0.819376 -0.026262 -0.572654 -5.917384 0.080129 0.994390 0.069049 80.970772 0.567628 -0.102463 0.816884 -7.419714 0.000000 0.000000 0.000000 1.000000
0.817657 -0.022650 -0.575261 -6.579095 0.077216 0.994512 0.070596 80.846573 0.570504 -0.102143 0.814918 -8.013824 0.000000 0.000000 0.000000 1.000000
0.814701 -0.020176 -0.579531 -7.273595 0.075715 0.994540 0.071815 80.769852 0.574918 -0.102387 0.811780 -8.669937 0.000000 0.000000 0.000000 1.000000
0.810817 -0.019816 -0.584964 -7.983237 0.077683 0.994228 0.073996 80.750900 0.580122 -0.105439 0.807677 -9.414581 0.000000 0.000000 0.000000 1.000000
0.807026 -0.021255 -0.590134 -8.683146 0.083012 0.993512 0.077738 80.806122 0.584653 -0.111725 0.803554 -10.243699 0.000000 0.000000 0.000000 1.000000
0.804413 -0.022544 -0.593643 -9.342651 0.088418 0.992693 0.082112 80.912613 0.587454 -0.118540 0.800528 -11.109404 0.000000 0.000000 0.000000 1.000000
0.803602 -0.023284 -0.594711 -9.944071 0.092130 0.992057 0.085650 81.099228 0.587992 -0.123619 0.799364 -11.981055 0.000000 0.000000 0.000000 1.000000
0.804361 -0.024631 -0.593630 -10.489704 0.095073 0.991602 0.087678 81.382034 0.586485 -0.126963 0.799947 -12.843119 0.000000 0.000000 0.000000 1.000000
0.805650 -0.028149 -0.591723 -10.958056 0.099423 0.991127 0.088219 81.737617 0.583989 -0.129904 0.801300 -13.672948 0.000000 0.000000 0.000000 1.000000
0.806112 -0.034682 -0.590745 -11.344176 0.106744 0.990428 0.087512 82.160988 0.582056 -0.133603 0.802098 -14.436980 0.000000 0.000000 0.000000 1.000000
0.804462 -0.042641 -0.592472 -11.650764 0.115734 0.989557 0.085924 82.666367 0.582621 -0.137692 0.800996 -15.116218 0.000000 0.000000 0.000000 1.000000
0.800065 -0.049602 -0.597860 -11.892252 0.123523 0.988843 0.083259 83.255859 0.587059 -0.140462 0.797265 -15.718238 0.000000 0.000000 0.000000 1.000000
0.793615 -0.054447 -0.605979 -12.097024 0.127585 0.988736 0.078253 83.896942 0.594892 -0.139416 0.791623 -16.252163 0.000000 0.000000 0.000000 1.000000
0.786899 -0.057724 -0.614375 -12.292976 0.127081 0.989433 0.069805 84.544884 0.603854 -0.133005 0.785920 -16.723928 0.000000 0.000000 0.000000 1.000000
0.781704 -0.059829 -0.620773 -12.487257 0.122449 0.990737 0.058708 85.162064 0.611510 -0.121906 0.781789 -17.139523 0.000000 0.000000 0.000000 1.000000
0.779050 -0.060337 -0.624051 -12.663518 0.115157 0.992195 0.047828 85.726440 0.616295 -0.109124 0.779918 -17.520325 0.000000 0.000000 0.000000 1.000000
0.779093 -0.059348 -0.624093 -12.804796 0.108023 0.993327 0.040392 86.214905 0.617532 -0.098886 0.780305 -17.889927 0.000000 0.000000 0.000000 1.000000
0.781418 -0.058279 -0.621280 -12.911496 0.104231 0.993832 0.037871 86.604965 0.615241 -0.094350 0.782673 -18.255756 0.000000 0.000000 0.000000 1.000000
0.785815 -0.058457 -0.615693 -12.995051 0.104833 0.993707 0.039451 86.891602 0.609513 -0.095546 0.786998 -18.603157 0.000000 0.000000 0.000000 1.000000
0.792035 -0.059413 -0.607577 -13.058821 0.107966 0.993197 0.043623 87.091751 0.600852 -0.100149 0.793062 -18.909555 0.000000 0.000000 0.000000 1.000000
0.798459 -0.059482 -0.599103 -13.089218 0.111167 0.992563 0.049612 87.230919 0.591696 -0.106214 0.799133 -19.161930 0.000000 0.000000 0.000000 1.000000
0.803538 -0.057915 -0.592430 -13.074846 0.112830 0.992032 0.056057 87.324516 0.584462 -0.111888 0.803669 -19.347099 0.000000 0.000000 0.000000 1.000000
0.808823 -0.055556 -0.585422 -13.028220 0.111209 0.992014 0.059506 87.375244 0.577441 -0.113234 0.808542 -19.433279 0.000000 0.000000 0.000000 1.000000
0.817281 -0.053676 -0.573734 -12.974947 0.105930 0.992679 0.058027 87.396355 0.566419 -0.108200 0.816983 -19.402039 0.000000 0.000000 0.000000 1.000000
0.828827 -0.052647 -0.557023 -12.927735 0.099964 0.993478 0.054845 87.421158 0.550503 -0.101139 0.828684 -19.285868 0.000000 0.000000 0.000000 1.000000
0.840509 -0.051897 -0.539306 -12.879834 0.096106 0.993898 0.054141 87.475754 0.533206 -0.097336 0.840367 -19.132301 0.000000 0.000000 0.000000 1.000000
0.849941 -0.050739 -0.524429 -12.816263 0.093654 0.994050 0.055610 87.561615 0.518487 -0.096380 0.849636 -18.951006 0.000000 0.000000 0.000000 1.000000
0.856266 -0.048823 -0.514222 -12.724189 0.090513 0.994302 0.056315 87.663498 0.508543 -0.094764 0.855806 -18.727407 0.000000 0.000000 0.000000 1.000000
0.859850 -0.046610 -0.508414 -12.607871 0.086341 0.994756 0.054827 87.757332 0.503192 -0.091040 0.859366 -18.464474 0.000000 0.000000 0.000000 1.000000
0.862571 -0.045082 -0.503923 -12.488692 0.082413 0.995239 0.052029 87.819771 0.499179 -0.086409 0.862180 -18.185295 0.000000 0.000000 0.000000 1.000000
0.866597 -0.044242 -0.497044 -12.383916 0.079075 0.995652 0.049242 87.838470 0.492704 -0.081977 0.866327 -17.910730 0.000000 0.000000 0.000000 1.000000
0.872456 -0.042481 -0.486843 -12.272622 0.074568 0.996121 0.046711 87.822968 0.482971 -0.077056 0.872239 -17.640919 0.000000 0.000000 0.000000 1.000000
0.879496 -0.038218 -0.474368 -12.118875 0.067077 0.996775 0.044056 87.791100 0.471155 -0.070566 0.879223 -17.356117 0.000000 0.000000 0.000000 1.000000
0.887064 -0.031547 -0.460567 -11.913082 0.056862 0.997532 0.041191 87.737228 0.458131 -0.062728 0.886669 -17.041967 0.000000 0.000000 0.000000 1.000000
0.894391 -0.023630 -0.446661 -11.662389 0.045542 0.998225 0.038383 87.676750 0.444961 -0.054671 0.893880 -16.701887 0.000000 0.000000 0.000000 1.000000
0.900722 -0.014828 -0.434143 -11.351215 0.033625 0.998799 0.035649 87.606476 0.433092 -0.046708 0.900138 -16.327099 0.000000 0.000000 0.000000 1.000000
0.906004 -0.005691 -0.423230 -10.954547 0.021277 0.999258 0.032113 87.547607 0.422733 -0.038099 0.905453 -15.889501 0.000000 0.000000 0.000000 1.000000
0.910789 0.001964 -0.412868 -10.473216 0.010215 0.999575 0.027290 87.513710 0.412746 -0.029073 0.910382 -15.368720 0.000000 0.000000 0.000000 1.000000
0.915259 0.006483 -0.402814 -9.934924 0.002848 0.999741 0.022562 87.508682 0.402856 -0.021797 0.915004 -14.782254 0.000000 0.000000 0.000000 1.000000
0.919066 0.008060 -0.394021 -9.362373 -0.000735 0.999824 0.018739 87.521370 0.394103 -0.016933 0.918910 -14.161667 0.000000 0.000000 0.000000 1.000000
0.922447 0.007388 -0.386054 -8.751604 -0.002206 0.999901 0.013865 87.539482 0.386118 -0.011939 0.922372 -13.503859 0.000000 0.000000 0.000000 1.000000
0.926532 0.004297 -0.376191 -8.080695 -0.001939 0.999976 0.006647 87.552383 0.376211 -0.005429 0.926518 -12.782387 0.000000 0.000000 0.000000 1.000000
0.931909 -0.000821 -0.362691 -7.325380 0.000537 0.999999 -0.000883 87.578804 0.362692 0.000628 0.931909 -11.985847 0.000000 0.000000 0.000000 1.000000
0.937645 -0.006376 -0.347536 -6.481503 0.004425 0.999970 -0.006408 87.623169 0.347566 0.004471 0.937645 -11.127898 0.000000 0.000000 0.000000 1.000000
0.942178 -0.010886 -0.334935 -5.584807 0.008003 0.999918 -0.009986 87.672134 0.335017 0.006728 0.942188 -10.235681 0.000000 0.000000 0.000000 1.000000
0.944992 -0.014310 -0.326782 -4.669453 0.010835 0.999864 -0.012451 87.707809 0.326915 0.008225 0.945018 -9.327245 0.000000 0.000000 0.000000 1.000000
0.946969 -0.017325 -0.320857 -3.764054 0.013618 0.999812 -0.013792 87.722717 0.321036 0.008691 0.947027 -8.418969 0.000000 0.000000 0.000000 1.000000
0.949231 -0.019899 -0.313950 -2.863094 0.016298 0.999768 -0.014091 87.729736 0.314157 0.008259 0.949335 -7.510450 0.000000 0.000000 0.000000 1.000000
0.951966 -0.020990 -0.305485 -1.943277 0.017395 0.999744 -0.014485 87.735977 0.305710 0.008475 0.952087 -6.601610 0.000000 0.000000 0.000000 1.000000
0.954642 -0.019889 -0.297092 -1.021896 0.015835 0.999746 -0.016047 87.748634 0.297335 0.010615 0.954714 -5.718958 0.000000 0.000000 0.000000 1.000000
0.957003 -0.016748 -0.289593 -0.109091 0.011983 0.999762 -0.018219 87.766296 0.289829 0.013965 0.956976 -4.894074 0.000000 0.000000 0.000000 1.000000
0.959276 -0.012238 -0.282204 0.784236 0.006990 0.999784 -0.019596 87.778946 0.282383 0.016825 0.959154 -4.141079 0.000000 0.000000 0.000000 1.000000
0.961628 -0.007162 -0.274264 1.642613 0.001825 0.999804 -0.019709 87.771446 0.274351 0.018452 0.961453 -3.461223 0.000000 0.000000 0.000000 1.000000
0.963961 -0.001757 -0.266038 2.454039 -0.003532 0.999806 -0.019399 87.742767 0.266020 0.019639 0.963767 -2.858517 0.000000 0.000000 0.000000 1.000000
0.966230 0.003621 -0.257657 3.211935 -0.009044 0.999762 -0.019865 87.693985 0.257524 0.021525 0.966032 -2.337955 0.000000 0.000000 0.000000 1.000000
0.968569 0.008021 -0.248618 3.902000 -0.013748 0.999678 -0.021307 87.623421 0.248367 0.024055 0.968367 -1.891774 0.000000 0.000000 0.000000 1.000000
0.971061 0.010755 -0.238587 4.516850 -0.016616 0.999607 -0.022568 87.531921 0.238251 0.025879 0.970859 -1.507019 0.000000 0.000000 0.000000 1.000000
0.973661 0.012373 -0.227666 5.062993 -0.017922 0.999590 -0.022325 87.436340 0.227297 0.025817 0.973483 -1.164279 0.000000 0.000000 0.000000 1.000000
0.976296 0.014282 -0.215968 5.547059 -0.019158 0.999606 -0.020499 87.365646 0.215590 0.024150 0.976185 -0.845516 0.000000 0.000000 0.000000 1.000000
0.978893 0.017445 -0.203627 5.961414 -0.021634 0.999597 -0.018363 87.334846 0.203225 0.022380 0.978876 -0.547794 0.000000 0.000000 0.000000 1.000000
0.981368 0.021795 -0.190898 6.299581 -0.025581 0.999521 -0.017391 87.339539 0.190428 0.021951 0.981456 -0.275195 0.000000 0.000000 0.000000 1.000000
0.983681 0.026669 -0.177934 6.572208 -0.030347 0.999378 -0.017983 87.367615 0.177343 0.023090 0.983878 -0.026346 0.000000 0.000000 0.000000 1.000000
0.985793 0.031038 -0.165073 6.790493 -0.034706 0.999210 -0.019382 87.396240 0.164341 0.024836 0.986091 0.193931 0.000000 0.000000 0.000000 1.000000
0.987602 0.034235 -0.153202 6.963104 -0.037852 0.999068 -0.020756 87.411133 0.152348 0.026298 0.987977 0.374001 0.000000 0.000000 0.000000 1.000000
0.989008 0.036296 -0.143337 7.097119 -0.039855 0.998962 -0.022037 87.407196 0.142388 0.027507 0.989429 0.506468 0.000000 0.000000 0.000000 1.000000
0.990011 0.037758 -0.135843 7.198614 -0.041320 0.998870 -0.023494 87.386383 0.134802 0.028872 0.990452 0.597966 0.000000 0.000000 0.000000 1.000000
0.990779 0.038905 -0.129781 7.265680 -0.042473 0.998789 -0.024842 87.360260 0.128658 0.030125 0.991231 0.665030 0.000000 0.000000 0.000000 1.000000
0.991527 0.039671 -0.123692 7.288188 -0.043128 0.998747 -0.025398 87.343155 0.122529 0.030518 0.991996 0.721701 0.000000 0.000000 0.000000 1.000000
0.992260 0.040312 -0.117449 7.260422 -0.043538 0.998738 -0.025036 87.337845 0.116292 0.029956 0.992763 0.775592 0.000000 0.000000 0.000000 1.000000
0.992901 0.040810 -0.111727 7.181859 -0.043750 0.998754 -0.023989 87.334473 0.110609 0.028707 0.993449 0.835718 0.000000 0.000000 0.000000 1.000000
0.993548 0.040072 -0.106101 7.047257 -0.042634 0.998849 -0.021991 87.323631 0.105097 0.026373 0.994112 0.915568 0.000000 0.000000 0.000000 1.000000
0.994343 0.037426 -0.099406 6.847650 -0.039518 0.999035 -0.019156 87.300613 0.098593 0.022976 0.994863 1.032902 0.000000 0.000000 0.000000 1.000000
0.995226 0.034048 -0.091467 6.578361 -0.035771 0.999211 -0.017260 87.262924 0.090807 0.020449 0.995659 1.208364 0.000000 0.000000 0.000000 1.000000
0.996045 0.031255 -0.083169 6.237740 -0.032858 0.999298 -0.017974 87.213860 0.082549 0.020636 0.996373 1.450913 0.000000 0.000000 0.000000 1.000000
0.996776 0.028318 -0.075075 5.821149 -0.029899 0.999353 -0.020014 87.163773 0.074459 0.022194 0.996977 1.746488 0.000000 0.000000 0.000000 1.000000
0.997477 0.023429 -0.067013 5.323753 -0.024844 0.999484 -0.020354 87.126282 0.066502 0.021967 0.997544 2.069084 0.000000 0.000000 0.000000 1.000000
0.998118 0.016606 -0.059032 4.752433 -0.017700 0.999680 -0.018059 87.109100 0.058713 0.019070 0.998093 2.399447 0.000000 0.000000 0.000000 1.000000
0.998605 0.009779 -0.051884 4.127649 -0.010545 0.999839 -0.014513 87.113716 0.051734 0.015040 0.998548 2.730897 0.000000 0.000000 0.000000 1.000000
0.998914 0.004629 -0.046366 3.471875 -0.005137 0.999928 -0.010824 87.142578 0.046313 0.011050 0.998866 3.062668 0.000000 0.000000 0.000000 1.000000
0.999091 0.001499 -0.042602 2.797172 -0.001813 0.999971 -0.007343 87.197678 0.042590 0.007413 0.999065 3.394049 0.000000 0.000000 0.000000 1.000000
0.999201 -0.000353 -0.039954 2.108429 0.000159 0.999988 -0.004850 87.270782 0.039955 0.004840 0.999190 3.703609 0.000000 0.000000 0.000000 1.000000
0.999293 -0.001761 -0.037547 1.410911 0.001620 0.999992 -0.003787 87.343033 0.037554 0.003724 0.999288 3.980558 0.000000 0.000000 0.000000 1.000000
0.999390 -0.002704 -0.034826 0.711640 0.002595 0.999992 -0.003178 87.413635 0.034834 0.003086 0.999388 4.225661 0.000000 0.000000 0.000000 1.000000
0.999502 -0.003264 -0.031402 0.021791 0.003202 0.999993 -0.002041 87.479813 0.031408 0.001939 0.999505 4.443458 0.000000 0.000000 0.000000 1.000000
0.999630 -0.003690 -0.026941 -0.649446 0.003675 0.999993 -0.000610 87.541786 0.026943 0.000511 0.999637 4.640285 0.000000 0.000000 0.000000 1.000000
0.999756 -0.003965 -0.021708 -1.294224 0.003973 0.999992 0.000325 87.602722 0.021706 -0.000411 0.999764 4.819790 0.000000 0.000000 0.000000 1.000000
0.999855 -0.004016 -0.016568 -1.906522 0.004022 0.999992 0.000340 87.666916 0.016566 -0.000407 0.999863 4.980789 0.000000 0.000000 0.000000 1.000000
0.999919 -0.004056 -0.012071 -2.478956 0.004050 0.999992 -0.000507 87.733795 0.012073 0.000458 0.999927 5.120215 0.000000 0.000000 0.000000 1.000000
0.999958 -0.004181 -0.008115 -3.007112 0.004164 0.999989 -0.002058 87.799576 0.008124 0.002024 0.999965 5.232968 0.000000 0.000000 0.000000 1.000000
0.999980 -0.004403 -0.004555 -3.487332 0.004384 0.999982 -0.004198 87.866043 0.004573 0.004178 0.999981 5.318949 0.000000 0.000000 0.000000 1.000000
0.999988 -0.004647 -0.001683 -3.915659 0.004635 0.999967 -0.006718 87.931480 0.001714 0.006710 0.999976 5.384624 0.000000 0.000000 0.000000 1.000000
0.999989 -0.004771 0.000031 -4.291040 0.004772 0.999945 -0.009286 87.995056 0.000014 0.009286 0.999957 5.436841 0.000000 0.000000 0.000000 1.000000
0.999989 -0.004598 0.000417 -4.618906 0.004603 0.999923 -0.011539 88.055702 -0.000364 0.011540 0.999933 5.476515 0.000000 0.000000 0.000000 1.000000
0.999991 -0.004145 -0.000199 -4.909488 0.004142 0.999903 -0.013283 88.112518 0.000254 0.013282 0.999912 5.503860 0.000000 0.000000 0.000000 1.000000
0.999992 -0.003735 -0.001138 -5.172120 0.003718 0.999885 -0.014671 88.165207 0.001193 0.014667 0.999892 5.522367 0.000000 0.000000 0.000000 1.000000
0.999992 -0.003599 -0.001818 -5.411401 0.003569 0.999866 -0.015982 88.213760 0.001875 0.015976 0.999871 5.533173 0.000000 0.000000 0.000000 1.000000
0.999992 -0.003471 -0.002124 -5.628452 0.003434 0.999847 -0.017131 88.258301 0.002184 0.017124 0.999851 5.531266 0.000000 0.000000 0.000000 1.000000
0.999993 -0.002977 -0.002239 -5.824956 0.002937 0.999837 -0.017814 88.298790 0.002292 0.017807 0.999839 5.513205 0.000000 0.000000 0.000000 1.000000
0.999995 -0.002277 -0.002200 -6.003188 0.002237 0.999833 -0.018153 88.333748 0.002241 0.018148 0.999833 5.485265 0.000000 0.000000 0.000000 1.000000
0.999997 -0.001678 -0.001948 -6.161992 0.001642 0.999826 -0.018565 88.361046 0.001978 0.018562 0.999826 5.455643 0.000000 0.000000 0.000000 1.000000
0.999998 -0.000991 -0.001576 -6.297428 0.000961 0.999816 -0.019135 88.380066 0.001595 0.019133 0.999816 5.425000 0.000000 0.000000 0.000000 1.000000
0.999999 0.000144 -0.001373 -6.407508 -0.000171 0.999810 -0.019503 88.391823 0.001370 0.019503 0.999809 5.389884 0.000000 0.000000 0.000000 1.000000
0.999997 0.001703 -0.001642 -6.494802 -0.001734 0.999814 -0.019232 88.399101 0.001609 0.019235 0.999814 5.350025 0.000000 0.000000 0.000000 1.000000
0.999992 0.003266 -0.002426 -6.563861 -0.003310 0.999827 -0.018290 88.406647 0.002365 0.018298 0.999830 5.311038 0.000000 0.000000 0.000000 1.000000
0.999984 0.004479 -0.003514 -6.617291 -0.004539 0.999840 -0.017285 88.419464 0.003436 0.017301 0.999844 5.280780 0.000000 0.000000 0.000000 1.000000
0.999976 0.005272 -0.004535 -6.656778 -0.005348 0.999843 -0.016922 88.437248 0.004445 0.016946 0.999847 5.262620 0.000000 0.000000 0.000000 1.000000
0.999970 0.005822 -0.005095 -6.684322 -0.005909 0.999835 -0.017204 88.456665 0.004994 0.017234 0.999839 5.252523 0.000000 0.000000 0.000000 1.000000
0.999967 0.006349 -0.004989 -6.701676 -0.006435 0.999825 -0.017540 88.476501 0.004876 0.017572 0.999834 5.243610 0.000000 0.000000 0.000000 1.000000
0.999967 0.006945 -0.004298 -6.710559 -0.007020 0.999821 -0.017591 88.497566 0.004175 0.017621 0.999836 5.232902 0.000000 0.000000 0.000000 1.000000
0.999966 0.007519 -0.003316 -6.714040 -0.007618 0.999487 -0.031108 88.522217 0.003080 0.031132 0.999511 5.312068 0.000000 0.000000 0.000000 1.000000</float_array><technique_common><accessor source="#mixamorig_Hips-Matrix-animation-output-transform-array" count="214" stride="16"><param type="float4x4"/></accessor></technique_common></source><source id="mixamorig_Hips-Interpolations"><Name_array id="mixamorig_Hips-Interpolations-array" count="214">
 LINEAR LINEAR LINEAR LINEAR LINEAR LINEAR LINEAR LINEAR LINEAR LINEAR LINEAR
LINEAR LINEAR LINEAR LINEAR LINEAR LINEAR LINEAR LINEAR LINEAR LINEAR LINEAR LINEAR
LINEAR LINEAR LINEAR LINEAR LINEAR LINEAR LINEAR LINEAR LINEAR LINEAR LINEAR LINEAR
LINEAR LINEAR LINEAR LINEAR LINEAR LINEAR LINEAR LINEAR LINEAR LINEAR LINEAR LINEAR
LINEAR LINEAR LINEAR LINEAR LINEAR LINEAR LINEAR LINEAR LINEAR LINEAR LINEAR LINEAR
LINEAR LINEAR LINEAR LINEAR LINEAR LINEAR LINEAR LINEAR LINEAR LINEAR LINEAR LINEAR
LINEAR LINEAR LINEAR LINEAR LINEAR LINEAR LINEAR LINEAR LINEAR LINEAR LINEAR LINEAR
LINEAR LINEAR LINEAR LINEAR LINEAR LINEAR LINEAR LINEAR LINEAR LINEAR LINEAR LINEAR
LINEAR LINEAR LINEAR LINEAR LINEAR LINEAR LINEAR LINEAR LINEAR LINEAR LINEAR LINEAR
LINEAR LINEAR LINEAR LINEAR LINEAR LINEAR LINEAR LINEAR LINEAR LINEAR LINEAR LINEAR
LINEAR LINEAR LINEAR LINEAR LINEAR LINEAR LINEAR LINEAR LINEAR LINEAR LINEAR LINEAR
LINEAR LINEAR LINEAR LINEAR LINEAR LINEAR LINEAR LINEAR LINEAR LINEAR LINEAR LINEAR
LINEAR LINEAR LINEAR LINEAR LINEAR LINEAR LINEAR LINEAR LINEAR LINEAR LINEAR LINEAR
LINEAR LINEAR LINEAR LINEAR LINEAR LINEAR LINEAR LINEAR LINEAR LINEAR LINEAR LINEAR
LINEAR LINEAR LINEAR LINEAR LINEAR LINEAR LINEAR LINEAR LINEAR LINEAR LINEAR LINEAR
LINEAR LINEAR LINEAR LINEAR LINEAR LINEAR LINEAR LINEAR LINEAR LINEAR LINEAR LINEAR
LINEAR LINEAR LINEAR LINEAR LINEAR LINEAR LINEAR LINEAR LINEAR LINEAR LINEAR LINEAR
LINEAR LINEAR LINEAR LINEAR LINEAR LINEAR LINEAR LINEAR LINEAR LINEAR LINEAR</Name_array><technique_common><accessor source="#mixamorig_Hips-Interpolations-array" count="214"><param type="name"/></accessor></technique_common></source><sampler id="mixamorig_Hips-Matrix-animation-transform"><input semantic="INPUT" source="#mixamorig_Hips-Matrix-animation-input"/><input semantic="OUTPUT" source="#mixamorig_Hips-Matrix-animation-output-transform"/><input semantic="INTERPOLATION" source="#mixamorig_Hips-Interpolations"/></sampler><channel source="#mixamorig_Hips-Matrix-animation-transform" target="mixamorig_Hips/matrix"/></animation>
    <animation id="mixamorig_Spine-anim" name="mixamorig_Spine"><source id="mixamorig_Spine-Matrix-animation-input"><float_array id="mixamorig_Spine-Matrix-animation-input-array" count="214">

0.000000 0.033333 0.066667 0.100000 0.133333 0.166667 0.200000 0.233333 0.266667 0.300000 0.333333 0.366667 0.400000 0.433333 0.466667 0.500000
0.533333 0.566667 0.600000 0.633333 0.666667 0.700000 0.733333 0.766667 0.800000 0.833333 0.866667 0.900000 0.933333 0.966667 1.000000 1.033333
1.066667 1.100000 1.133333 1.166667 1.200000 1.233333 1.266667 1.300000 1.333333 1.366667 1.400000 1.433333 1.466667 1.500000 1.533333 1.566667
1.600000 1.633333 1.666667 1.700000 1.733333 1.766667 1.800000 1.833333 1.866667 1.900000 1.933333 1.966667 2.000000 2.033333 2.066667 2.100000
2.133333 2.166667 2.200000 2.233333 2.266667 2.300000 2.333333 2.366667 2.400000 2.433333 2.466667 2.500000 2.533333 2.566667 2.600000 2.633333
2.666667 2.700000 2.733333 2.766667 2.800000 2.833333 2.866667 2.900000 2.933333 2.966667 3.000000 3.033333 3.066667 3.100000 3.133333 3.166667
3.200000 3.233333 3.266667 3.300000 3.333333 3.366667 3.400000 3.433333 3.466667 3.500000 3.533333 3.566667 3.600000 3.633333 3.666667 3.700000
3.733333 3.766667 3.800000 3.833333 3.866667 3.900000 3.933333 3.966667 4.000000 4.033333 4.066667 4.100000 4.133333 4.166667 4.200000 4.233333
4.266667 4.300000 4.333333 4.366667 4.400000 4.433333 4.466667 4.500000 4.533333 4.566667 4.600000 4.633333 4.666667 4.700000 4.733333 4.766667
4.800000 4.833333 4.866667 4.900000 4.933333 4.966667 5.000000 5.033333 5.066667 5.100000 5.133333 5.166667 5.200000 5.233333 5.266667 5.300000
5.333333 5.366667 5.400000 5.433333 5.466667 5.500000 5.533333 5.566667 5.600000 5.633333 5.666667 5.700000 5.733333 5.766667 5.800000 5.833333
5.866667 5.900000 5.933333 5.966667 6.000000 6.033333 6.066667 6.100000 6.133333 6.166667 6.200000 6.233333 6.266667 6.300000 6.333333 6.366667
6.400000 6.433333 6.466667 6.500000 6.533333 6.566667 6.600000 6.633333 6.666667 6.700000 6.733333 6.766667 6.800000 6.833333 6.866667 6.900000
6.933333 6.966667 7.000000 7.033333 7.066667 7.100000</float_array><technique_common><accessor source="#mixamorig_Spine-Matrix-animation-input-array" count="214"><param name="TIME" type="float"/></accessor></technique_common></source><source id="mixamorig_Spine-Matrix-animation-output-transform"><float_array id="mixamorig_Spine-Matrix-animation-output-transform-array" count="3424">

0.999581 -0.012124 0.026270 0.005100 0.012802 0.999586 -0.025780 8.712000 -0.025947 0.026106 0.999322 -0.691000 0.000000 0.000000 0.000000 1.000000
