<?xml version="1.0" encoding="utf-8"?>
<COLLADA xmlns="http://www.collada.org/2005/11/COLLADASchema" version="1.4.1">
  <asset><contributor><author>Mixamo</author><authoring_tool>COLLADA Mixamo exporter</authoring_tool><comments></comments></contributor><created>2018-10-22T12:38:03Z</created><modified>2018-10-22T12:38:03Z</modified><revision></revision><title></title><unit meter="0.010000"/><up_axis>Y_UP</up_axis></asset>
  <library_animations>
    <animation id="Hips-anim" name="Hips"><source id="Hips-Matrix-animation-input"><float_array id="Hips-Matrix-animation-input-array" count="24">

0.000000 0.033333 0.066667 0.100000 0.133333 0.166667 0.200000 0.233333 0.266667 0.300000 0.333333 0.366667 0.400000 0.433333 0.466667 0.500000
0.533333 0.566667 0.600000 0.633333 0.666667 0.700000 0.733333 0.766667</float_array><technique_common><accessor source="#Hips-Matrix-animation-input-array" count="24"><param name="TIME" type="float"/></accessor></technique_common></source><source id="Hips-Matrix-animation-output-transform"><float_array id="Hips-Matrix-animation-output-transform-array" count="384">

0.999664 -0.025888 0.001264 0.000044 0.025858 0.999461 0.020221 91.746719 -0.001787 -0.020182 0.999795 -0.000053 0.000000 0.000000 0.000000 1.000000
0.981717 -0.011856 -0.189979 0.542319 0.023640 0.997926 0.059880 89.454735 0.188875 -0.063276 0.979960 5.268267 0.000000 0.000000 0.000000 1.000000
0.903334 0.004141 -0.428917 0.932325 0.029796 0.996932 0.072378 87.223503 0.427901 -0.078161 0.900440 11.473445 0.000000 0.000000 0.000000 1.000000
0.761677 0.008148 -0.647906 1.244910 0.042779 0.997107 0.062831 85.369835 0.646544 -0.075574 0.759125 17.288164 0.000000 0.000000 0.000000 1.000000
0.578133 0.002399 -0.815939 1.536009 0.053408 0.997740 0.040776 83.692215 0.814193 -0.067152 0.576698 22.884417 0.000000 0.000000 0.000000 1.000000
0.376019 -0.017727 -0.926442 1.798019 0.058807 0.998258 0.004767 82.188072 0.924744 -0.056273 0.376407 28.358316 0.000000 0.000000 0.000000 1.000000
0.203770 -0.035264 -0.978384 2.011242 0.055582 0.998156 -0.024400 80.887344 0.977440 -0.049408 0.205354 33.237499 0.000000 0.000000 0.000000 1.000000
0.112057 -0.035572 -0.993065 2.066967 0.047432 0.998411 -0.030412 80.221657 0.992569 -0.043695 0.113566 36.295628 0.000000 0.000000 0.000000 1.000000
0.006219 -0.035792 -0.999340 1.978728 0.044156 0.998394 -0.035484 79.732803 0.999005 -0.043906 0.007789 39.048462 0.000000 0.000000 0.000000 1.000000
-0.111179 -0.038931 -0.993038 1.726945 0.046963 0.997910 -0.044380 79.348694 0.992690 -0.051571 -0.109118 41.164814 0.000000 0.000000 0.000000 1.000000
-0.230450 -0.042271 -0.972166 1.418217 0.050484 0.997191 -0.055326 78.992538 0.971774 -0.061828 -0.227669 43.043060 0.000000 0.000000 0.000000 1.000000
-0.352003 -0.046634 -0.934836 0.973798 0.053977 0.996085 -0.070014 78.609909 0.934441 -0.075105 -0.348108 44.542339 0.000000 0.000000 0.000000 1.000000
-0.479065 -0.050690 -0.876315 0.417798 0.055020 0.994634 -0.087612 78.354431 0.876054 -0.090186 -0.473705 45.979324 0.000000 0.000000 0.000000 1.000000
-0.603506 -0.053587 -0.795556 -0.217999 0.053371 0.992787 -0.107358 78.466652 0.795570 -0.107251 -0.596293 47.262726 0.000000 0.000000 0.000000 1.000000
-0.712808 -0.054169 -0.699265 -0.855715 0.048451 0.990828 -0.126145 78.999252 0.699684 -0.123797 -0.703645 48.385159 0.000000 0.000000 0.000000 1.000000
-0.798112 -0.054572 -0.600033 -1.580697 0.039024 0.989117 -0.141864 80.504410 0.601244 -0.136639 -0.787296 48.710175 0.000000 0.000000 0.000000 1.000000
-0.864157 -0.053550 -0.500366 -2.351812 0.028077 0.987642 -0.154189 82.215515 0.502439 -0.147293 -0.851974 48.612343 0.000000 0.000000 0.000000 1.000000
-0.908746 -0.049644 -0.414386 -3.289369 0.017340 0.987552 -0.156337 83.812759 0.416988 -0.149256 -0.896573 47.198868 0.000000 0.000000 0.000000 1.000000
-0.942379 -0.033934 -0.332822 -4.332704 0.013284 0.990263 -0.138577 85.167885 0.334283 -0.135014 -0.932752 44.328587 0.000000 0.000000 0.000000 1.000000
-0.964810 -0.018218 -0.262314 -5.349768 0.010100 0.994293 -0.106202 86.540619 0.262752 -0.105114 -0.959121 41.046917 0.000000 0.000000 0.000000 1.000000
-0.980530 -0.006058 -0.196274 -6.375071 0.008035 0.997449 -0.070931 87.893799 0.196203 -0.071127 -0.977980 37.738327 0.000000 0.000000 0.000000 1.000000
-0.991316 0.002776 -0.131475 -7.424122 0.007514 0.999339 -0.035556 89.225922 0.131289 -0.036235 -0.990682 34.426422 0.000000 0.000000 0.000000 1.000000
-0.997682 0.009313 -0.067415 -8.520322 0.009546 0.999950 -0.003122 90.492584 0.067382 -0.003758 -0.997720 31.091387 0.000000 0.000000 0.000000 1.000000
-0.999772 0.019468 -0.008779 -9.765495 0.019346 0.999719 0.013733 91.476379 0.009044 0.013560 -0.999867 27.629351 0.000000 0.000000 0.000000 1.000000</float_array><technique_common><accessor source="#Hips-Matrix-animation-output-transform-array" count="24" stride="16"><param type="float4x4"/></accessor></technique_common></source><source id="Hips-Interpolations"><Name_array id="Hips-Interpolations-array" count="24">
 LINEAR LINEAR LINEAR LINEAR LINEAR LINEAR LINEAR LINEAR LINEAR LINEAR LINEAR
LINEAR LINEAR LINEAR LINEAR LINEAR LINEAR LINEAR LINEAR LINEAR LINEAR LINEAR LINEAR
LINEAR</Name_array><technique_common><accessor source="#Hips-Interpolations-array" count="24"><param type="name"/></accessor></technique_common></source><sampler id="Hips-Matrix-animation-transform"><input semantic="INPUT" source="#Hips-Matrix-animation-input"/><input semantic="OUTPUT" source="#Hips-Matrix-animation-output-transform"/><input semantic="INTERPOLATION" source="#Hips-Interpolations"/></sampler><channel source="#Hips-Matrix-animation-transform" target="Hips/matrix"/></animation>
    <animation id="Spine-anim" name="Spine"><source id="Spine-Matrix-animation-input"><float_array id="Spine-Matrix-animation-input-array" count="24">

0.000000 0.033333 0.066667 0.100000 0.133333 0.166667 0.200000 0.233333 0.266667 0.300000 0.333333 0.366667 0.400000 0.433333 0.466667 0.500000
0.533333 0.566667 0.600000 0.633333 0.666667 0.700000 0.733333 0.766667</float_array><technique_common><accessor source="#Spine-Matrix-animation-input-array" count="24"><param name="TIME" type="float"/></accessor></technique_common></source><source id="Spine-Matrix-animation-output-transform"><float_array id="Spine-Matrix-animation-output-transform-array" count="384">

0.987693 -0.038959 -0.151473 0.017300 -0.016154 0.937889 -0.346560 10.574800 0.155567 0.344742 0.925717 -1.117200 0.000000 0.000000 0.000000 1.000000
0.997899 -0.045198 -0.046429 0.017300 0.026635 0.939333 -0.341971 10.574800 0.059069 0.340016 0.938563 -1.117200 0.000000 0.000000 0.000000 1.000000
0.997324 -0.053377 0.049964 0.017300 0.066527 0.945974 -0.317344 10.574800 -0.030326 0.319818 0.946993 -1.117200 0.000000 0.000000 0.000000 1.000000
0.994195 -0.057701 0.090810 0.017300 0.081736 0.953913 -0.288738 10.574800 -0.069964 0.294484 0.953092 -1.117200 0.000000 0.000000 0.000000 1.000000
0.993620 -0.060286 0.095316 0.017300 0.083463 0.961469 -0.261937 10.574800 -0.075852 0.268221 0.960367 -1.117200 0.000000 0.000000 0.000000 1.000000
0.997134 -0.062371 0.042814 0.017300 0.070879 0.968051 -0.240527 10.574800 -0.026444 0.242872 0.969698 -1.117200 0.000000 0.000000 0.000000 1.000000
0.997336 -0.068489 -0.025099 0.017300 0.060857 0.970976 -0.231305 10.574800 0.040212 0.229162 0.972557 -1.117200 0.000000 0.000000 0.000000 1.000000
0.989626 -0.084369 -0.116284 0.017300 0.051886 0.964662 -0.258330 10.574800 0.133970 0.249617 0.959033 -1.117200 0.000000 0.000000 0.000000 1.000000
0.977934 -0.094276 -0.186432 0.017300 0.038673 0.958658 -0.281920 10.574800 0.205303 0.268489 0.941151 -1.117200 0.000000 0.000000 0.000000 1.000000
0.972904 -0.093808 -0.211325 0.017300 0.029387 0.956753 -0.289414 10.574800 0.229336 0.275362 0.933585 -1.117200 0.000000 0.000000 0.000000 1.000000
0.969922 -0.091015 -0.225761 0.017300 0.021727 0.956135 -0.292118 10.574800 0.242445 0.278427 0.929354 -1.117200 0.000000 0.000000 0.000000 1.000000
0.968145 -0.087663 -0.234542 0.017300 0.016549 0.957064 -0.289404 10.574800 0.249842 0.276303 0.928028 -1.117200 0.000000 0.000000 0.000000 1.000000
0.966694 -0.085648 -0.241178 0.017300 0.012794 0.957336 -0.288694 10.574800 0.255615 0.275993 0.926547 -1.117200 0.000000 0.000000 0.000000 1.000000
0.965296 -0.085303 -0.246835 0.017300 0.009872 0.956395 -0.291909 10.574800 0.260973 0.279342 0.924046 -1.117200 0.000000 0.000000 0.000000 1.000000
0.964149 -0.084747 -0.251465 0.017300 0.007330 0.955776 -0.294004 10.574800 0.265261 0.281620 0.922132 -1.117200 0.000000 0.000000 0.000000 1.000000
0.963757 -0.083665 -0.253324 0.017300 0.006524 0.956660 -0.291135 10.574800 0.266702 0.278931 0.922533 -1.117200 0.000000 0.000000 0.000000 1.000000
0.963802 -0.082233 -0.253621 0.017300 0.006099 0.957799 -0.287374 10.574800 0.266550 0.275425 0.923630 -1.117200 0.000000 0.000000 0.000000 1.000000
0.965309 -0.078866 -0.248914 0.017300 0.005035 0.958740 -0.284240 10.574800 0.261061 0.273126 0.925878 -1.117200 0.000000 0.000000 0.000000 1.000000
0.968662 -0.068291 -0.238809 0.017300 -0.003262 0.957880 -0.287151 10.574800 0.248360 0.278932 0.927639 -1.117200 0.000000 0.000000 0.000000 1.000000
0.972716 -0.060434 -0.223992 0.017300 -0.008935 0.955002 -0.296463 10.574800 0.231829 0.290376 0.928406 -1.117200 0.000000 0.000000 0.000000 1.000000
0.976619 -0.053887 -0.208116 0.017300 -0.012961 0.951555 -0.307205 10.574800 0.214588 0.302720 0.928608 -1.117200 0.000000 0.000000 0.000000 1.000000
0.980239 -0.047695 -0.191982 0.017300 -0.016231 0.947835 -0.318348 10.574800 0.197151 0.315173 0.928330 -1.117200 0.000000 0.000000 0.000000 1.000000
0.983538 -0.042189 -0.175705 0.017300 -0.018414 0.943900 -0.329718 10.574800 0.179759 0.327526 0.927585 -1.117200 0.000000 0.000000 0.000000 1.000000
0.986435 -0.039706 -0.159275 0.017300 -0.017275 0.939805 -0.341274 10.574800 0.163238 0.339396 0.926371 -1.117200 0.000000 0.000000 0.000000 1.000000</float_array><technique_common><accessor source="#Spine-Matrix-animation-output-transform-array" count="24" stride="16"><param type="float4x4"/></accessor></technique_common></source><source id="Spine-Interpolations"><Name_array id="Spine-Interpolations-array" count="24">
 LINEAR LINEAR LINEAR LINEAR LINEAR LINEAR LINEAR LINEAR LINEAR LINEAR LINEAR
LINEAR LINEAR LINEAR LINEAR LINEAR LINEAR LINEAR LINEAR LINEAR LINEAR LINEAR LINEAR
LINEAR</Name_array><technique_common><accessor source="#Spine-Interpolations-array" count="24"><param type="name"/></accessor></technique_common></source><sampler id="Spine-Matrix-animation-transform"><input semantic="INPUT" source="#Spine-Matrix-animation-input"/><input semantic="OUTPUT" source="#Spine-Matrix-animation-output-transform"/><input semantic="INTERPOLATION" source="#Spine-Interpolations"/></sampler><channel source="#Spine-Matrix-animation-transform" target="Spine/matrix"/></animation>
    <animation id="Spine1-anim" name="Spine1"><source id="Spine1-Matrix-animation-input"><float_array id="Spine1-Matrix-animation-input-array" count="24">

0.000000 0.033333 0.066667 0.100000 0.133333 0.166667 0.200000 0.233333 0.266667 0.300000 0.333333 0.366667 0.400000 0.433333 0.466667 0.500000
0.533333 0.566667 0.600000 0.633333 0.666667 0.700000 0.733333 0.766667</float_array><technique_common><accessor source="#Spine1-Matrix-animation-input-array" count="24"><param name="TIME" type="float"/></accessor></technique_common></source><source id="Spine1-Matrix-animation-output-transform"><float_array id="Spine1-Matrix-animation-output-transform-array" count="384">

0.999068 0.009263 -0.042170 0.019000 -0.010353 0.999616 -0.025685 12.337300 0.041916 0.026098 0.998780 -1.303400 0.000000 0.000000 0.000000 1.000000
0.999879 0.005124 -0.014715 0.019000 -0.005458 0.999727 -0.022699 12.337300 0.014594 0.022777 0.999634 -1.303400 0.000000 0.000000 0.000000 1.000000
0.999945 0.000319 0.010460 0.019000 -0.000116 0.999811 -0.019457 12.337300 -0.010465 0.019455 0.999756 -1.303400 0.000000 0.000000 0.000000 1.000000
0.999769 -0.003852 0.021167 0.019000 0.004186 0.999867 -0.015734 12.337300 -0.021104 0.015819 0.999652 -1.303400 0.000000 0.000000 0.000000 1.000000
0.999722 -0.007819 0.022259 0.019000 0.008080 0.999899 -0.011659 12.337300 -0.022165 0.011835 0.999684 -1.303400 0.000000 0.000000 0.000000 1.000000
0.999896 -0.011993 0.008066 0.019000 0.012050 0.999902 -0.007083 12.337300 -0.007980 0.007179 0.999942 -1.303400 0.000000 0.000000 0.000000 1.000000
0.999809 -0.016465 -0.010522 0.019000 0.016427 0.999858 -0.003679 12.337300 0.010581 0.003505 0.999938 -1.303400 0.000000 0.000000 0.000000 1.000000
0.999131 -0.020878 -0.036074 0.019000 0.020751 0.999777 -0.003877 12.337300 0.036147 0.003125 0.999342 -1.303400 0.000000 0.000000 0.000000 1.000000
0.998280 -0.020397 -0.054970 0.019000 0.020192 0.999787 -0.004290 12.337300 0.055046 0.003173 0.998479 -1.303400 0.000000 0.000000 0.000000 1.000000
0.998081 -0.014142 -0.060283 0.019000 0.013903 0.999894 -0.004380 12.337300 0.060338 0.003533 0.998172 -1.303400 0.000000 0.000000 0.000000 1.000000
0.998003 -0.007065 -0.062763 0.019000 0.006824 0.999969 -0.004046 12.337300 0.062789 0.003609 0.998020 -1.303400 0.000000 0.000000 0.000000 1.000000
0.997888 -0.001724 -0.064932 0.019000 0.001551 0.999995 -0.002715 12.337300 0.064937 0.002609 0.997886 -1.303400 0.000000 0.000000 0.000000 1.000000
0.997750 0.002400 -0.066994 0.019000 -0.002636 0.999991 -0.003435 12.337300 0.066985 0.003604 0.997747 -1.303400 0.000000 0.000000 0.000000 1.000000
0.997596 0.005782 -0.069050 0.019000 -0.006286 0.999955 -0.007081 12.337300 0.069006 0.007498 0.997588 -1.303400 0.000000 0.000000 0.000000 1.000000
0.997433 0.008454 -0.071111 0.019000 -0.009189 0.999908 -0.010015 12.337300 0.071020 0.010642 0.997418 -1.303400 0.000000 0.000000 0.000000 1.000000
0.997278 0.008228 -0.073274 0.019000 -0.008951 0.999914 -0.009539 12.337300 0.073189 0.010169 0.997266 -1.303400 0.000000 0.000000 0.000000 1.000000
0.997136 0.007024 -0.075296 0.019000 -0.007673 0.999936 -0.008323 12.337300 0.075233 0.008877 0.997126 -1.303400 0.000000 0.000000 0.000000 1.000000
0.997069 0.004505 -0.076370 0.019000 -0.005033 0.999965 -0.006718 12.337300 0.076337 0.007082 0.997057 -1.303400 0.000000 0.000000 0.000000 1.000000
0.997202 0.007300 -0.074401 0.019000 -0.007824 0.999947 -0.006751 12.337300 0.074347 0.007314 0.997206 -1.303400 0.000000 0.000000 0.000000 1.000000
0.997562 0.009287 -0.069161 0.019000 -0.009966 0.999905 -0.009479 12.337300 0.069066 0.010145 0.997560 -1.303400 0.000000 0.000000 0.000000 1.000000
0.997942 0.010538 -0.063255 0.019000 -0.011373 0.999853 -0.012844 12.337300 0.063110 0.013537 0.997915 -1.303400 0.000000 0.000000 0.000000 1.000000
0.998295 0.011566 -0.057219 0.019000 -0.012521 0.999788 -0.016362 12.337300 0.057017 0.017050 0.998228 -1.303400 0.000000 0.000000 0.000000 1.000000
0.998619 0.012108 -0.051126 0.019000 -0.013144 0.999714 -0.019988 12.337300 0.050869 0.020632 0.998492 -1.303400 0.000000 0.000000 0.000000 1.000000
0.998933 0.010499 -0.044975 0.019000 -0.011582 0.999647 -0.023896 12.337300 0.044708 0.024391 0.998702 -1.303400 0.000000 0.000000 0.000000 1.000000</float_array><technique_common><accessor source="#Spine1-Matrix-animation-output-transform-array" count="24" stride="16"><param type="float4x4"/></accessor></technique_common></source><source id="Spine1-Interpolations"><Name_array id="Spine1-Interpolations-array" count="24">
 LINEAR LINEAR LINEAR LINEAR LINEAR LINEAR LINEAR LINEAR LINEAR LINEAR LINEAR
LINEAR LINEAR LINEAR LINEAR LINEAR LINEAR LINEAR LINEAR LINEAR LINEAR LINEAR LINEAR
LINEAR</Name_array><technique_common><accessor source="#Spine1-Interpolations-array" count="24"><param type="name"/></accessor></technique_common></source><sampler id="Spine1-Matrix-animation-transform"><input semantic="INPUT" source="#Spine1-Matrix-animation-input"/><input semantic="OUTPUT" source="#Spine1-Matrix-animation-output-transform"/><input semantic="INTERPOLATION" source="#Spine1-Interpolations"/></sampler><channel source="#Spine1-Matrix-animation-transform" target="Spine1/matrix"/></animation>
    <animation id="Spine2-anim" name="Spine2"><source id="Spine2-Matrix-animation-input"><float_array id="Spine2-Matrix-animation-input-array" count="24">

0.000000 0.033333 0.066667 0.100000 0.133333 0.166667 0.200000 0.233333 0.266667 0.300000 0.333333 0.366667 0.400000 0.433333 0.466667 0.500000
0.533333 0.566667 0.600000 0.633333 0.666667 0.700000 0.733333 0.766667</float_array><technique_common><accessor source="#Spine2-Matrix-animation-input-array" count="24"><param name="TIME" type="float"/></accessor></technique_common></source><source id="Spine2-Matrix-animation-output-transform"><float_array id="Spine2-Matrix-animation-output-transform-array" count="384">

0.999100 0.008092 -0.041629 0.021700 -0.009177 0.999621 -0.025958 14.099800 0.041404 0.026316 0.998796 -1.489600 0.000000 0.000000 0.000000 1.000000
0.999887 0.004658 -0.014307 0.021700 -0.004989 0.999719 -0.023172 14.099800 0.014195 0.023241 0.999629 -1.489600 0.000000 0.000000 0.000000 1.000000
0.999946 0.000889 0.010358 0.021700 -0.000688 0.999811 -0.019404 14.099800 -0.010373 0.019395 0.999758 -1.489600 0.000000 0.000000 0.000000 1.000000
0.999771 -0.003547 0.021096 0.021700 0.003870 0.999875 -0.015313 14.099800 -0.021039 0.015391 0.999660 -1.489600 0.000000 0.000000 0.000000 1.000000
0.999705 -0.008760 0.022666 0.021700 0.009012 0.999898 -0.011054 14.099800 -0.022567 0.011255 0.999682 -1.489600 0.000000 0.000000 0.000000 1.000000
0.999834 -0.015492 0.009583 0.021700 0.015555 0.999857 -0.006569 14.099800 -0.009480 0.006717 0.999933 -1.489600 0.000000 0.000000 0.000000 1.000000
0.999776 -0.018950 -0.009412 0.021700 0.018930 0.999818 -0.002188 14.099800 0.009451 0.002010 0.999953 -1.489600 0.000000 0.000000 0.000000 1.000000
0.999124 -0.011428 -0.040269 0.021700 0.011541 0.999930 0.002562 14.099800 0.040237 -0.003024 0.999186 -1.489600 0.000000 0.000000 0.000000 1.000000
0.997884 -0.002839 -0.064951 0.021700 0.003344 0.999965 0.007675 14.099800 0.064927 -0.007876 0.997859 -1.489600 0.000000 0.000000 0.000000 1.000000
0.997291 0.001263 -0.073541 0.021700 -0.000520 0.999949 0.010124 14.099800 0.073550 -0.010059 0.997241 -1.489600 0.000000 0.000000 0.000000 1.000000
0.996940 0.003729 -0.078083 0.021700 -0.002817 0.999927 0.011790 14.099800 0.078122 -0.011534 0.996877 -1.489600 0.000000 0.000000 0.000000 1.000000
0.996832 0.003264 -0.079474 0.021700 -0.002300 0.999923 0.012213 14.099800 0.079508 -0.011992 0.996762 -1.489600 0.000000 0.000000 0.000000 1.000000
0.996792 0.001873 -0.080013 0.021700 -0.001086 0.999951 0.009872 14.099800 0.080028 -0.009754 0.996745 -1.489600 0.000000 0.000000 0.000000 1.000000
0.996771 0.000199 -0.080296 0.021700 0.000149 0.999991 0.004322 14.099800 0.080296 -0.004320 0.996762 -1.489600 0.000000 0.000000 0.000000 1.000000
0.996927 -0.000269 -0.078341 0.021700 0.000259 1.000000 -0.000137 14.099800 0.078341 0.000117 0.996927 -1.489600 0.000000 0.000000 0.000000 1.000000
0.997825 0.005443 -0.065690 0.021700 -0.005568 0.999983 -0.001732 14.099800 0.065679 0.002094 0.997839 -1.489600 0.000000 0.000000 0.000000 1.000000
0.998598 0.011705 -0.051618 0.021700 -0.011877 0.999925 -0.003038 14.099800 0.051578 0.003647 0.998662 -1.489600 0.000000 0.000000 0.000000 1.000000
0.998991 0.013842 -0.042733 0.021700 -0.014044 0.999891 -0.004451 14.099800 0.042667 0.005046 0.999077 -1.489600 0.000000 0.000000 0.000000 1.000000
0.998682 0.010043 -0.050324 0.021700 -0.010370 0.999927 -0.006240 14.099800 0.050258 0.006754 0.998713 -1.489600 0.000000 0.000000 0.000000 1.000000
0.998589 0.009023 -0.052332 0.021700 -0.009524 0.999911 -0.009325 14.099800 0.052243 0.009810 0.998586 -1.489600 0.000000 0.000000 0.000000 1.000000
0.998622 0.008953 -0.051718 0.021700 -0.009624 0.999872 -0.012754 14.099800 0.051598 0.013234 0.998580 -1.489600 0.000000 0.000000 0.000000 1.000000
0.998683 0.009039 -0.050510 0.021700 -0.009872 0.999819 -0.016275 14.099800 0.050354 0.016752 0.998591 -1.489600 0.000000 0.000000 0.000000 1.000000
0.998776 0.009050 -0.048622 0.021700 -0.010028 0.999752 -0.019903 14.099800 0.048430 0.020366 0.998619 -1.489600 0.000000 0.000000 0.000000 1.000000
0.998984 0.008460 -0.044276 0.021700 -0.009527 0.999668 -0.023952 14.099800 0.044058 0.024349 0.998732 -1.489600 0.000000 0.000000 0.000000 1.000000</float_array><technique_common><accessor source="#Spine2-Matrix-animation-output-transform-array" count="24" stride="16"><param type="float4x4"/></accessor></technique_common></source><source id="Spine2-Interpolations"><Name_array id="Spine2-Interpolations-array" count="24">
 LINEAR LINEAR LINEAR LINEAR LINEAR LINEAR LINEAR LINEAR LINEAR LINEAR LINEAR
LINEAR LINEAR LINEAR LINEAR LINEAR LINEAR LINEAR LINEAR LINEAR LINEAR LINEAR LINEAR
LINEAR</Name_array><technique_common><accessor source="#Spine2-Interpolations-array" count="24"><param type="name"/></accessor></technique_common></source><sampler id="Spine2-Matrix-animation-transform"><input semantic="INPUT" source="#Spine2-Matrix-animation-input"/><input semantic="OUTPUT" source="#Spine2-Matrix-animation-output-transform"/><input semantic="INTERPOLATION" source="#Spine2-Interpolations"/></sampler><channel source="#Spine2-Matrix-animation-transform" target="Spine2/matrix"/></animation>
    <animation id="Neck-anim" name="Neck"><source id="Neck-Matrix-animation-input"><float_array id="Neck-Matrix-animation-input-array" count="24">

0.000000 0.033333 0.066667 0.100000 0.133333 0.166667 0.200000 0.233333 0.266667 0.300000 0.333333 0.366667 0.400000 0.433333 0.466667 0.500000
0.533333 0.566667 0.600000 0.633333 0.666667 0.700000 0.733333 0.766667</float_array><technique_common><accessor source="#Neck-Matrix-animation-input-array" count="24"><param name="TIME" type="float"/></accessor></technique_common></source><source id="Neck-Matrix-animation-output-transform"><float_array id="Neck-Matrix-animation-output-transform-array" count="384">

0.997691 0.065360 0.018444 0.024400 -0.061866 0.986723 -0.150170 15.862300 -0.028014 0.148682 0.988488 -1.675800 0.000000 0.000000 0.000000 1.000000
0.999076 0.038855 0.018396 0.024400 -0.036413 0.992305 -0.118339 15.862300 -0.022852 0.117560 0.992803 -1.675800 0.000000 0.000000 0.000000 1.000000
0.999298 0.012854 0.035176 0.024400 -0.010333 0.997428 -0.070930 15.862300 -0.035998 0.070516 0.996861 -1.675800 0.000000 0.000000 0.000000 1.000000
0.998937 0.012375 0.044393 0.024400 -0.010952 0.999423 -0.032147 15.862300 -0.044765 0.031626 0.998497 -1.675800 0.000000 0.000000 0.000000 1.000000
0.998747 0.030368 0.039782 0.024400 -0.029727 0.999420 -0.016600 15.862300 -0.040263 0.015397 0.999070 -1.675800 0.000000 0.000000 0.000000 1.000000
0.997202 0.074750 -0.001202 0.024400 -0.074716 0.995951 -0.049985 15.862300 -0.002540 0.049935 0.998749 -1.675800 0.000000 0.000000 0.000000 1.000000
0.993081 0.104913 -0.052760 0.024400 -0.108133 0.992175 -0.062420 15.862300 0.045798 0.067694 0.996654 -1.675800 0.000000 0.000000 0.000000 1.000000
0.989914 0.084475 -0.113726 0.024400 -0.087650 0.995881 -0.023199 15.862300 0.111298 0.032933 0.993241 -1.675800 0.000000 0.000000 0.000000 1.000000
0.985629 0.057573 -0.158811 0.024400 -0.059092 0.998241 -0.004857 15.862300 0.158252 0.014172 0.987297 -1.675800 0.000000 0.000000 0.000000 1.000000
0.978737 0.039260 -0.201325 0.024400 -0.040958 0.999152 -0.004275 15.862300 0.200987 0.012430 0.979515 -1.675800 0.000000 0.000000 0.000000 1.000000
0.972117 0.025296 -0.233128 0.024400 -0.028461 0.999543 -0.010222 15.862300 0.232763 0.016572 0.972392 -1.675800 0.000000 0.000000 0.000000 1.000000
0.975364 0.022677 -0.219435 0.024400 -0.028763 0.999284 -0.024576 15.862300 0.218721 0.030282 0.975318 -1.675800 0.000000 0.000000 0.000000 1.000000
0.985766 0.029444 -0.165524 0.024400 -0.035926 0.998695 -0.036301 15.862300 0.164239 0.041731 0.985537 -1.675800 0.000000 0.000000 0.000000 1.000000
0.994903 0.039238 -0.092886 0.024400 -0.042179 0.998662 -0.029912 15.862300 0.091588 0.033678 0.995227 -1.675800 0.000000 0.000000 0.000000 1.000000
0.999064 0.043255 -0.000865 0.024400 -0.043264 0.998835 -0.021357 15.862300 -0.000060 0.021374 0.999772 -1.675800 0.000000 0.000000 0.000000 1.000000
0.996433 0.047187 0.069965 0.024400 -0.045847 0.998735 -0.020648 15.862300 -0.070851 0.017367 0.997336 -1.675800 0.000000 0.000000 0.000000 1.000000
0.992835 0.053759 0.106717 0.024400 -0.050701 0.998228 -0.031161 15.862300 -0.108203 0.025527 0.993801 -1.675800 0.000000 0.000000 0.000000 1.000000
0.989981 0.061622 0.127047 0.024400 -0.055977 0.997300 -0.047538 15.862300 -0.129634 0.039950 0.990757 -1.675800 0.000000 0.000000 0.000000 1.000000
0.988482 0.069344 0.134516 0.024400 -0.060775 0.995914 -0.066804 15.862300 -0.138599 0.057859 0.988657 -1.675800 0.000000 0.000000 0.000000 1.000000
0.988287 0.075505 0.132619 0.024400 -0.064394 0.994198 -0.086164 15.862300 -0.138355 0.076615 0.987415 -1.675800 0.000000 0.000000 0.000000 1.000000
0.989057 0.078693 0.124797 0.024400 -0.065967 0.992489 -0.103021 15.862300 -0.131967 0.093661 0.986819 -1.675800 0.000000 0.000000 0.000000 1.000000
0.991445 0.077449 0.105066 0.024400 -0.065023 0.991009 -0.116936 15.862300 -0.113178 0.109104 0.987566 -1.675800 0.000000 0.000000 0.000000 1.000000
0.994752 0.072914 0.071777 0.024400 -0.063148 0.989501 -0.130004 15.862300 -0.080502 0.124789 0.988912 -1.675800 0.000000 0.000000 0.000000 1.000000
0.997102 0.067567 0.034974 0.024400 -0.061908 0.987744 -0.143282 15.862300 -0.044226 0.140702 0.989064 -1.675800 0.000000 0.000000 0.000000 1.000000</float_array><technique_common><accessor source="#Neck-Matrix-animation-output-transform-array" count="24" stride="16"><param type="float4x4"/></accessor></technique_common></source><source id="Neck-Interpolations"><Name_array id="Neck-Interpolations-array" count="24">
 LINEAR LINEAR LINEAR LINEAR LINEAR LINEAR LINEAR LINEAR LINEAR LINEAR LINEAR
LINEAR LINEAR LINEAR LINEAR LINEAR LINEAR LINEAR LINEAR LINEAR LINEAR LINEAR LINEAR
LINEAR</Name_array><technique_common><accessor source="#Neck-Interpolations-array" count="24"><param type="name"/></accessor></technique_common></source><sampler id="Neck-Matrix-animation-transform"><input semantic="INPUT" source="#Neck-Matrix-animation-input"/><input semantic="OUTPUT" source="#Neck-Matrix-animation-output-transform"/><input semantic="INTERPOLATION" source="#Neck-Interpolations"/></sampler><channel source="#Neck-Matrix-animation-transform" target="Neck/matrix"/></animation>
    <animation id="Head-anim" name="Head"><source id="Head-Matrix-animation-input"><float_array id="Head-Matrix-animation-input-array" count="24">

0.000000 0.033333 0.066667 0.100000 0.133333 0.166667 0.200000 0.233333 0.266667 0.300000 0.333333 0.366667 0.400000 0.433333 0.466667 0.500000
0.533333 0.566667 0.600000 0.633333 0.666667 0.700000 0.733333 0.766667</float_array><technique_common><accessor source="#Head-Matrix-animation-input-array" count="24"><param name="TIME" type="float"/></accessor></technique_common></source><source id="Head-Matrix-animation-output-transform"><float_array id="Head-Matrix-animation-output-transform-array" count="384">

0.979181 -0.053729 0.195749 0.000000 -0.007193 0.954544 0.297982 5.564000 -0.202861 -0.293186 0.934285 0.988100 0.000000 0.000000 0.000000 1.000000
0.969303 0.045914 0.241545 -0.000000 -0.097188 0.973951 0.204876 5.564000 -0.225846 -0.222062 0.948516 0.988100 0.000000 0.000000 0.000000 1.000000
0.930899 0.122070 0.344276 0.000000 -0.166758 0.980580 0.103218 5.564000 -0.324991 -0.153496 0.933177 0.988100 0.000000 0.000000 0.000000 1.000000
0.938211 0.133469 0.319290 -0.000000 -0.165527 0.983323 0.075343 5.564000 -0.303909 -0.123539 0.944657 0.988100 0.000000 0.000000 0.000000 1.000000
0.974957 0.105570 0.195740 -0.000000 -0.126301 0.987276 0.096615 5.564000 -0.183050 -0.118918 0.975885 0.988100 0.000000 0.000000 0.000000 1.000000
0.995286 0.020812 -0.094726 0.000000 -0.006065 0.988149 0.153378 5.564000 0.096796 -0.152080 0.983617 0.988100 0.000000 0.000000 0.000000 1.000000
0.944133 -0.050808 -0.325626 -0.000000 0.106640 0.981988 0.155973 5.564000 0.311836 -0.181984 0.932545 0.988100 0.000000 0.000000 0.000000 1.000000
0.924181 -0.073956 -0.374727 0.000000 0.141078 0.977796 0.154961 5.564000 0.354946 -0.196078 0.914093 0.988100 0.000000 0.000000 0.000000 1.000000
0.899203 -0.096774 -0.426695 0.000000 0.174310 0.973733 0.146494 5.564000 0.401310 -0.206105 0.892452 0.988100 0.000000 0.000000 0.000000 1.000000
0.883908 -0.110810 -0.454343 0.000000 0.193895 0.970921 0.140417 5.564000 0.425571 -0.212210 0.879691 0.988100 0.000000 0.000000 0.000000 1.000000
0.874169 -0.120982 -0.470311 -0.000000 0.207880 0.968476 0.137258 5.564000 0.438879 -0.217755 0.871761 0.988100 0.000000 0.000000 0.000000 1.000000
0.879826 -0.122791 -0.459161 0.000000 0.210856 0.966623 0.145535 5.564000 0.425965 -0.224862 0.876351 0.988100 0.000000 0.000000 0.000000 1.000000
0.890495 -0.123763 -0.437836 -0.000000 0.212693 0.963911 0.160117 5.564000 0.402219 -0.235708 0.884682 0.988100 0.000000 0.000000 0.000000 1.000000
0.905764 -0.122778 -0.405607 0.000000 0.210067 0.961327 0.178106 5.564000 0.368053 -0.246527 0.896527 0.988100 0.000000 0.000000 0.000000 1.000000
0.924653 -0.118849 -0.361789 0.000000 0.200204 0.959876 0.196357 5.564000 0.323936 -0.253994 0.911347 0.988100 0.000000 0.000000 0.000000 1.000000
0.942921 -0.113842 -0.312954 -0.000000 0.186785 0.958810 0.213995 5.564000 0.275702 -0.260236 0.925346 0.988100 0.000000 0.000000 0.000000 1.000000
0.959639 -0.107940 -0.259697 -0.000000 0.170162 0.958060 0.230578 5.564000 0.223917 -0.265462 0.937758 0.988100 0.000000 0.000000 0.000000 1.000000
0.973979 -0.101327 -0.202724 0.000000 0.150760 0.957548 0.245711 5.564000 0.169221 -0.269880 0.947908 0.988100 0.000000 0.000000 0.000000 1.000000
0.985253 -0.094186 -0.142845 -0.000000 0.129066 0.957193 0.259081 5.564000 0.112329 -0.273697 0.955234 0.988100 0.000000 0.000000 0.000000 1.000000
0.992939 -0.086701 -0.080962 0.000000 0.105610 0.956916 0.270477 5.564000 0.054023 -0.277117 0.959316 0.988100 0.000000 0.000000 0.000000 1.000000
0.996707 -0.079057 -0.018046 0.000000 0.080945 0.956637 0.279810 5.564000 -0.004858 -0.280349 0.959886 0.988100 0.000000 0.000000 0.000000 1.000000
0.996434 -0.071439 0.044895 0.000000 0.055624 0.956278 0.287122 5.564000 -0.063444 -0.283600 0.956841 0.988100 0.000000 0.000000 0.000000 1.000000
0.992212 -0.064034 0.106842 0.000000 0.030176 0.955764 0.292583 5.564000 -0.120851 -0.287080 0.950253 0.988100 0.000000 0.000000 0.000000 1.000000
0.984339 -0.057026 0.166806 0.000000 0.005084 0.955023 0.296489 5.564000 -0.176211 -0.290998 0.940356 0.988100 0.000000 0.000000 0.000000 1.000000</float_array><technique_common><accessor source="#Head-Matrix-animation-output-transform-array" count="24" stride="16"><param type="float4x4"/></accessor></technique_common></source><source id="Head-Interpolations"><Name_array id="Head-Interpolations-array" count="24">
 LINEAR LINEAR LINEAR LINEAR LINEAR LINEAR LINEAR LINEAR LINEAR LINEAR LINEAR
LINEAR LINEAR LINEAR LINEAR LINEAR LINEAR LINEAR LINEAR LINEAR LINEAR LINEAR LINEAR
LINEAR</Name_array><technique_common><accessor source="#Head-Interpolations-array" count="24"><param type="name"/></accessor></technique_common></source><sampler id="Head-Matrix-animation-transform"><input semantic="INPUT" source="#Head-Matrix-animation-input"/><input semantic="OUTPUT" source="#Head-Matrix-animation-output-transform"/><input semantic="INTERPOLATION" source="#Head-Interpolations"/></sampler><channel source="#Head-Matrix-animation-transform" target="Head/matrix"/></animation>
    <animation id="LeftShoulder-anim" name="LeftShoulder"><source id="LeftShoulder-Matrix-animation-input"><float_array id="LeftShoulder-Matrix-animation-input-array" count="24">

0.000000 0.033333 0.066667 0.100000 0.133333 0.166667 0.200000 0.233333 0.266667 0.300000 0.333333 0.366667 0.400000 0.433333 0.466667 0.500000
0.533333 0.566667 0.600000 0.633333 0.666667 0.700000 0.733333 0.766667</float_array><technique_common><accessor source="#LeftShoulder-Matrix-animation-input-array" count="24"><param name="TIME" type="float"/></accessor></technique_common></source><source id="LeftShoulder-Matrix-animation-output-transform"><float_array id="LeftShoulder-Matrix-animation-output-transform-array" count="384">

0.969393 -0.001568 -0.245511 5.935000 0.006170 0.999819 0.017974 13.670200 0.245438 -0.018939 0.969227 -1.662600 0.000000 0.000000 0.000000 1.000000
0.980560 0.080202 -0.179080 5.935000 -0.079393 0.996775 0.011690 13.670200 0.179440 0.002755 0.983765 -1.662600 0.000000 0.000000 0.000000 1.000000
0.983351 0.143239 -0.111818 5.935000 -0.143981 0.989579 0.001453 13.670200 0.110861 0.014671 0.993728 -1.662600 0.000000 0.000000 0.000000 1.000000
0.980352 0.186122 -0.065328 5.935000 -0.187148 0.982282 -0.009896 13.670200 0.062329 0.021928 0.997815 -1.662600 0.000000 0.000000 0.000000 1.000000
0.979380 0.183096 -0.085391 5.935000 -0.184528 0.982785 -0.009120 13.670200 0.082251 0.024689 0.996306 -1.662600 0.000000 0.000000 0.000000 1.000000
0.968678 0.212433 -0.128592 5.935000 -0.215020 0.976589 -0.006421 13.670200 0.124217 0.033870 0.991677 -1.662600 0.000000 0.000000 0.000000 1.000000
0.957700 0.241287 -0.156816 5.935000 -0.244755 0.969581 -0.002895 13.670200 0.151347 0.041154 0.987624 -1.662600 0.000000 0.000000 0.000000 1.000000
0.955599 0.242802 -0.166969 5.935000 -0.246396 0.969169 -0.000837 13.670200 0.161618 0.041940 0.985962 -1.662600 0.000000 0.000000 0.000000 1.000000
0.956969 0.233339 -0.172522 5.935000 -0.236790 0.971561 0.000594 13.670200 0.167754 0.040283 0.985006 -1.662600 0.000000 0.000000 0.000000 1.000000
0.960909 0.214625 -0.174899 5.935000 -0.217756 0.976002 0.001320 13.670200 0.170985 0.036817 0.984585 -1.662600 0.000000 0.000000 0.000000 1.000000
0.965514 0.191391 -0.176501 5.935000 -0.194126 0.980975 0.001806 13.670200 0.173488 0.032520 0.984299 -1.662600 0.000000 0.000000 0.000000 1.000000
0.970391 0.158834 -0.181971 5.935000 -0.160988 0.986952 0.002968 13.670200 0.180068 0.026415 0.983299 -1.662600 0.000000 0.000000 0.000000 1.000000
0.971444 0.130801 -0.197961 5.935000 -0.132422 0.991180 0.005086 13.670200 0.196880 0.021273 0.980197 -1.662600 0.000000 0.000000 0.000000 1.000000
0.970476 0.103992 -0.217629 5.935000 -0.105028 0.994446 0.006835 13.670200 0.217131 0.016224 0.976008 -1.662600 0.000000 0.000000 0.000000 1.000000
0.968919 0.075789 -0.235481 5.935000 -0.075980 0.997075 0.008279 13.670200 0.235420 0.009871 0.971844 -1.662600 0.000000 0.000000 0.000000 1.000000
0.967352 0.042888 -0.249780 5.935000 -0.041730 0.999080 0.009932 13.670200 0.249976 0.000815 0.968252 -1.662600 0.000000 0.000000 0.000000 1.000000
0.965227 0.012365 -0.261121 5.935000 -0.009800 0.999890 0.011124 13.670200 0.261230 -0.008178 0.965242 -1.662600 0.000000 0.000000 0.000000 1.000000
0.963329 -0.009210 -0.268164 5.935000 0.012877 0.999846 0.011920 13.670200 0.268013 -0.014936 0.963299 -1.662600 0.000000 0.000000 0.000000 1.000000
0.963624 -0.014408 -0.266874 5.935000 0.018585 0.999741 0.013133 13.670200 0.266616 -0.017615 0.963642 -1.662600 0.000000 0.000000 0.000000 1.000000
0.965415 -0.010408 -0.260509 5.935000 0.014748 0.999783 0.014710 13.670200 0.260299 -0.018043 0.965359 -1.662600 0.000000 0.000000 0.000000 1.000000
0.966531 -0.008018 -0.256425 5.935000 0.012451 0.999800 0.015668 13.670200 0.256248 -0.018336 0.966437 -1.662600 0.000000 0.000000 0.000000 1.000000
0.967365 -0.006168 -0.253313 5.935000 0.010654 0.999810 0.016341 13.670200 0.253164 -0.018507 0.967246 -1.662600 0.000000 0.000000 0.000000 1.000000
0.968186 -0.004324 -0.250196 5.935000 0.008859 0.999816 0.017003 13.670200 0.250076 -0.018679 0.968046 -1.662600 0.000000 0.000000 0.000000 1.000000
0.968994 -0.002485 -0.247074 5.935000 0.007066 0.999819 0.017654 13.670200 0.246985 -0.018852 0.968836 -1.662600 0.000000 0.000000 0.000000 1.000000</float_array><technique_common><accessor source="#LeftShoulder-Matrix-animation-output-transform-array" count="24" stride="16"><param type="float4x4"/></accessor></technique_common></source><source id="LeftShoulder-Interpolations"><Name_array id="LeftShoulder-Interpolations-array" count="24">
 LINEAR LINEAR LINEAR LINEAR LINEAR LINEAR LINEAR LINEAR LINEAR LINEAR LINEAR
LINEAR LINEAR LINEAR LINEAR LINEAR LINEAR LINEAR LINEAR LINEAR LINEAR LINEAR LINEAR
LINEAR</Name_array><technique_common><accessor source="#LeftShoulder-Interpolations-array" count="24"><param type="name"/></accessor></technique_common></source><sampler id="LeftShoulder-Matrix-animation-transform"><input semantic="INPUT" source="#LeftShoulder-Matrix-animation-input"/><input semantic="OUTPUT" source="#LeftShoulder-Matrix-animation-output-transform"/><input semantic="INTERPOLATION" source="#LeftShoulder-Interpolations"/></sampler><channel source="#LeftShoulder-Matrix-animation-transform" target="LeftShoulder/matrix"/></animation>
    <animation id="LeftArm-anim" name="LeftArm"><source id="LeftArm-Matrix-animation-input"><float_array id="LeftArm-Matrix-animation-input-array" count="24">

0.000000 0.033333 0.066667 0.100000 0.133333 0.166667 0.200000 0.233333 0.266667 0.300000 0.333333 0.366667 0.400000 0.433333 0.466667 0.500000
0.533333 0.566667 0.600000 0.633333 0.666667 0.700000 0.733333 0.766667</float_array><technique_common><accessor source="#LeftArm-Matrix-animation-input-array" count="24"><param name="TIME" type="float"/></accessor></technique_common></source><source id="LeftArm-Matrix-animation-output-transform"><float_array id="LeftArm-Matrix-animation-output-transform-array" count="384">

0.668932 0.700213 -0.249463 12.499400 -0.613128 0.709501 0.347393 -1.650000 0.420244 -0.079429 0.903928 0.026500 0.000000 0.000000 0.000000 1.000000
0.720843 0.686584 -0.094805 12.499400 -0.648252 0.716268 0.258319 -1.650000 0.245263 -0.124750 0.961397 0.026500 0.000000 0.000000 0.000000 1.000000
0.673659 0.738332 -0.032382 12.499400 -0.723869 0.668028 0.172486 -1.650000 0.148985 -0.092757 0.984479 0.026500 0.000000 0.000000 0.000000 1.000000
0.606182 0.795320 0.003176 12.499400 -0.791729 0.603056 0.097413 -1.650000 0.075560 -0.061565 0.995239 0.026500 0.000000 0.000000 0.000000 1.000000
0.515578 0.851643 0.094248 12.499400 -0.855277 0.518160 -0.003458 -1.650000 -0.051780 -0.078825 0.995543 0.026500 0.000000 0.000000 0.000000 1.000000
0.485295 0.872500 0.056854 12.499400 -0.860899 0.488180 -0.143297 -1.650000 -0.152782 0.020596 0.988045 0.026500 0.000000 0.000000 0.000000 1.000000
0.518631 0.854927 -0.011053 12.499400 -0.830663 0.500765 -0.243380 -1.650000 -0.202537 0.135406 0.969868 0.026500 0.000000 0.000000 0.000000 1.000000
0.573529 0.818619 -0.030446 12.499400 -0.794133 0.546484 -0.265911 -1.650000 -0.201042 0.176686 0.963517 0.026500 0.000000 0.000000 0.000000 1.000000
0.646214 0.761375 -0.052110 12.499400 -0.748619 0.619160 -0.237088 -1.650000 -0.148248 0.192221 0.970090 0.026500 0.000000 0.000000 0.000000 1.000000
0.700326 0.703766 -0.119404 12.499400 -0.713463 0.684795 -0.148412 -1.650000 -0.022679 0.189127 0.981691 0.026500 0.000000 0.000000 0.000000 1.000000
0.730824 0.648040 -0.214337 12.499400 -0.670985 0.739684 -0.051449 -1.650000 0.125201 0.181417 0.975404 0.026500 0.000000 0.000000 0.000000 1.000000
0.727938 0.599886 -0.332028 12.499400 -0.611511 0.787047 0.081306 -1.650000 0.310097 0.143853 0.939759 0.026500 0.000000 0.000000 0.000000 1.000000
0.724979 0.590592 -0.354411 12.499400 -0.560068 0.804985 0.195763 -1.650000 0.400911 0.056570 0.914369 0.026500 0.000000 0.000000 0.000000 1.000000
0.730305 0.594188 -0.337040 12.499400 -0.516120 0.803156 0.297592 -1.650000 0.447521 -0.043380 0.893221 0.026500 0.000000 0.000000 0.000000 1.000000
0.735965 0.604636 -0.304583 12.499400 -0.494262 0.787299 0.368599 -1.650000 0.462666 -0.120732 0.878273 0.026500 0.000000 0.000000 0.000000 1.000000
0.735345 0.623792 -0.264861 12.499400 -0.510324 0.766854 0.389236 -1.650000 0.445911 -0.151058 0.882238 0.026500 0.000000 0.000000 0.000000 1.000000
