<?xml version="1.0" encoding="utf-8"?>
<COLLADA xmlns="http://www.collada.org/2005/11/COLLADASchema" version="1.4.1">
  <asset><contributor><author>Mixamo</author><authoring_tool>COLLADA Mixamo exporter</authoring_tool><comments></comments></contributor><created>2018-10-22T12:38:24Z</created><modified>2018-10-22T12:38:24Z</modified><revision></revision><title></title><unit meter="0.010000"/><up_axis>Y_UP</up_axis></asset>
  <library_animations>
    <animation id="Hips-anim" name="Hips"><source id="Hips-Matrix-animation-input"><float_array id="Hips-Matrix-animation-input-array" count="40">

0.000000 0.033333 0.066667 0.100000 0.133333 0.166667 0.200000 0.233333 0.266667 0.300000 0.333333 0.366667 0.400000 0.433333 0.466667 0.500000
0.533333 0.566667 0.600000 0.633333 0.666667 0.700000 0.733333 0.766667 0.800000 0.833333 0.866667 0.900000 0.933333 0.966667 1.000000 1.033333
1.066667 1.100000 1.133333 1.166667 1.200000 1.233333 1.266667 1.300000</float_array><technique_common><accessor source="#Hips-Matrix-animation-input-array" count="40"><param name="TIME" type="float"/></accessor></technique_common></source><source id="Hips-Matrix-animation-output-transform"><float_array id="Hips-Matrix-animation-output-transform-array" count="640">

0.483490 -0.058876 -0.873368 0.000089 0.037780 0.998209 -0.046378 76.722786 0.874534 -0.010572 0.484848 0.000020 0.000000 0.000000 0.000000 1.000000
0.472931 -0.070841 -0.878247 0.539375 0.027995 0.997468 -0.065382 77.254005 0.880655 0.006335 0.473716 0.908480 0.000000 0.000000 0.000000 1.000000
0.452318 -0.083565 -0.887933 1.187944 0.018935 0.996276 -0.084116 78.135452 0.891655 0.021234 0.452216 1.761851 0.000000 0.000000 0.000000 1.000000
0.423977 -0.098374 -0.900314 1.928925 0.007486 0.994430 -0.105133 79.136826 0.905642 0.037834 0.422352 2.528305 0.000000 0.000000 0.000000 1.000000
0.396337 -0.107308 -0.911813 2.587331 -0.005579 0.992846 -0.119270 79.993378 0.918088 0.052358 0.392903 3.082552 0.000000 0.000000 0.000000 1.000000
0.384332 -0.109453 -0.916684 2.960108 -0.013267 0.992190 -0.124031 80.443169 0.923099 0.059831 0.379878 3.370260 0.000000 0.000000 0.000000 1.000000
0.369464 -0.099796 -0.923871 3.101286 -0.022935 0.992934 -0.116428 80.643074 0.928962 0.064205 0.364565 3.561479 0.000000 0.000000 0.000000 1.000000
0.354695 -0.093223 -0.930323 3.198560 -0.032390 0.993195 -0.111872 80.848610 0.934421 0.069813 0.349262 3.618338 0.000000 0.000000 0.000000 1.000000
0.329074 -0.085064 -0.940465 3.126117 -0.040240 0.993767 -0.103965 80.921066 0.943446 0.072057 0.323600 3.504605 0.000000 0.000000 0.000000 1.000000
0.301463 -0.078317 -0.950256 3.057308 -0.044971 0.994344 -0.096217 80.921127 0.952417 0.071740 0.296236 3.371158 0.000000 0.000000 0.000000 1.000000
0.275053 -0.072263 -0.958710 3.052734 -0.050187 0.994733 -0.089377 80.794983 0.960118 0.072698 0.269977 3.201103 0.000000 0.000000 0.000000 1.000000
0.252961 -0.064944 -0.965294 2.936246 -0.053149 0.995305 -0.080891 80.548378 0.966016 0.071766 0.248321 2.947846 0.000000 0.000000 0.000000 1.000000
0.235062 -0.056159 -0.970357 2.810339 -0.051333 0.996219 -0.070091 80.095009 0.970624 0.066287 0.231290 2.607870 0.000000 0.000000 0.000000 1.000000
0.217955 -0.047498 -0.974802 2.712355 -0.048330 0.997064 -0.059388 79.402206 0.974761 0.060056 0.215020 2.262384 0.000000 0.000000 0.000000 1.000000
0.199282 -0.039176 -0.979159 2.554176 -0.043822 0.997845 -0.048843 78.601883 0.978962 0.052642 0.197135 1.911420 0.000000 0.000000 0.000000 1.000000
0.181224 -0.027044 -0.983070 2.514089 -0.037653 0.998698 -0.034415 77.590225 0.982721 0.043253 0.179969 1.483608 0.000000 0.000000 0.000000 1.000000
0.158934 -0.011585 -0.987221 2.435301 -0.029456 0.999430 -0.016470 76.577675 0.986850 0.031697 0.158502 1.009858 0.000000 0.000000 0.000000 1.000000
0.139492 -0.003044 -0.990218 2.368846 -0.020862 0.999764 -0.006012 75.846748 0.990003 0.021497 0.139396 0.331499 0.000000 0.000000 0.000000 1.000000
0.132682 -0.005386 -0.991144 2.442665 -0.011204 0.999913 -0.006934 75.560097 0.991095 0.012024 0.132610 -0.520502 0.000000 0.000000 0.000000 1.000000
0.129428 -0.010657 -0.991532 2.549717 -0.001301 0.999940 -0.010917 75.402245 0.991588 0.002703 0.129406 -1.414425 0.000000 0.000000 0.000000 1.000000
0.134717 -0.019882 -0.990685 2.616843 0.009028 0.999782 -0.018837 75.584366 0.990843 -0.006406 0.134867 -2.292186 0.000000 0.000000 0.000000 1.000000
0.143849 -0.030499 -0.989130 2.645630 0.019575 0.999417 -0.027969 75.928696 0.989406 -0.015339 0.144362 -3.147814 0.000000 0.000000 0.000000 1.000000
0.162235 -0.043119 -0.985810 2.531019 0.030544 0.998785 -0.038660 76.678459 0.986279 -0.023839 0.163355 -3.914648 0.000000 0.000000 0.000000 1.000000
0.184916 -0.056623 -0.981122 2.339373 0.041765 0.997890 -0.049719 77.626907 0.981867 -0.031783 0.186890 -4.631699 0.000000 0.000000 0.000000 1.000000
0.207119 -0.069187 -0.975866 2.111699 0.052408 0.996849 -0.059551 78.590027 0.976911 -0.038809 0.210092 -5.320780 0.000000 0.000000 0.000000 1.000000
0.227970 -0.077439 -0.970584 1.755290 0.059908 0.996059 -0.065401 79.579742 0.971823 -0.043236 0.231711 -5.908731 0.000000 0.000000 0.000000 1.000000
0.246460 -0.078672 -0.965955 1.178438 0.061318 0.995969 -0.065471 80.491837 0.967211 -0.043094 0.250291 -6.286802 0.000000 0.000000 0.000000 1.000000
0.261015 -0.089452 -0.961181 0.551436 0.063983 0.995111 -0.075235 81.184395 0.963212 -0.041862 0.265463 -6.534083 0.000000 0.000000 0.000000 1.000000
0.275679 -0.094288 -0.956614 -0.025636 0.065916 0.994689 -0.079045 81.661804 0.958987 -0.041265 0.280430 -6.689416 0.000000 0.000000 0.000000 1.000000
0.291145 -0.092414 -0.952205 -0.677719 0.064740 0.994945 -0.076767 81.810043 0.954486 -0.039295 0.295656 -6.742101 0.000000 0.000000 0.000000 1.000000
0.308219 -0.084614 -0.947545 -1.271915 0.063708 0.995637 -0.068185 81.674728 0.949180 -0.039350 0.312265 -6.683648 0.000000 0.000000 0.000000 1.000000
0.325510 -0.079994 -0.942149 -1.791389 0.061025 0.996115 -0.063492 81.194283 0.943567 -0.036827 0.329127 -6.468191 0.000000 0.000000 0.000000 1.000000
0.344566 -0.075295 -0.935738 -2.249581 0.056454 0.996636 -0.059408 80.423691 0.937063 -0.032356 0.347657 -6.132152 0.000000 0.000000 0.000000 1.000000
0.364582 -0.069845 -0.928548 -2.533415 0.051955 0.997155 -0.054606 79.455956 0.929721 -0.028335 0.367174 -5.694414 0.000000 0.000000 0.000000 1.000000
0.381987 -0.065130 -0.921870 -2.639746 0.048757 0.997545 -0.050273 78.401306 0.922881 -0.025744 0.384225 -5.125401 0.000000 0.000000 0.000000 1.000000
0.402571 -0.061225 -0.913339 -2.611496 0.042990 0.997924 -0.047946 77.301804 0.914379 -0.019963 0.404368 -4.438373 0.000000 0.000000 0.000000 1.000000
0.430511 -0.051165 -0.901134 -2.463445 0.035966 0.998571 -0.039515 76.465347 0.901869 -0.015399 0.431736 -3.585974 0.000000 0.000000 0.000000 1.000000
0.457531 -0.049524 -0.887813 -1.958445 0.035568 0.998668 -0.037378 76.048325 0.888482 -0.014476 0.458683 -2.558386 0.000000 0.000000 0.000000 1.000000
0.476393 -0.055922 -0.877452 -1.090992 0.037118 0.998365 -0.043475 76.172188 0.878449 -0.011859 0.477690 -1.416102 0.000000 0.000000 0.000000 1.000000
0.483490 -0.058876 -0.873368 0.000087 0.037780 0.998209 -0.046378 76.722786 0.874534 -0.010572 0.484848 -0.001207 0.000000 0.000000 0.000000 1.000000</float_array><technique_common><accessor source="#Hips-Matrix-animation-output-transform-array" count="40" stride="16"><param type="float4x4"/></accessor></technique_common></source><source id="Hips-Interpolations"><Name_array id="Hips-Interpolations-array" count="40">
 LINEAR LINEAR LINEAR LINEAR LINEAR LINEAR LINEAR LINEAR LINEAR LINEAR LINEAR
LINEAR LINEAR LINEAR LINEAR LINEAR LINEAR LINEAR LINEAR LINEAR LINEAR LINEAR LINEAR
LINEAR LINEAR LINEAR LINEAR LINEAR LINEAR LINEAR LINEAR LINEAR LINEAR LINEAR LINEAR
LINEAR LINEAR LINEAR LINEAR LINEAR</Name_array><technique_common><accessor source="#Hips-Interpolations-array" count="40"><param type="name"/></accessor></technique_common></source><sampler id="Hips-Matrix-animation-transform"><input semantic="INPUT" source="#Hips-Matrix-animation-input"/><input semantic="OUTPUT" source="#Hips-Matrix-animation-output-transform"/><input semantic="INTERPOLATION" source="#Hips-Interpolations"/></sampler><channel source="#Hips-Matrix-animation-transform" target="Hips/matrix"/></animation>
    <animation id="Spine-anim" name="Spine"><source id="Spine-Matrix-animation-input"><float_array id="Spine-Matrix-animation-input-array" count="40">

0.000000 0.033333 0.066667 0.100000 0.133333 0.166667 0.200000 0.233333 0.266667 0.300000 0.333333 0.366667 0.400000 0.433333 0.466667 0.500000
0.533333 0.566667 0.600000 0.633333 0.666667 0.700000 0.733333 0.766667 0.800000 0.833333 0.866667 0.900000 0.933333 0.966667 1.000000 1.033333
1.066667 1.100000 1.133333 1.166667 1.200000 1.233333 1.266667 1.300000</float_array><technique_common><accessor source="#Spine-Matrix-animation-input-array" count="40"><param name="TIME" type="float"/></accessor></technique_common></source><source id="Spine-Matrix-animation-output-transform"><float_array id="Spine-Matrix-animation-output-transform-array" count="640">

0.997365 0.034960 -0.063568 0.017300 -0.052184 0.954424 -0.293855 10.574800 0.050398 0.296398 0.953734 -1.117200 0.000000 0.000000 0.000000 1.000000
0.997375 0.033252 -0.064324 0.017300 -0.049911 0.959282 -0.278006 10.574800 0.052460 0.280487 0.958423 -1.117200 0.000000 0.000000 0.000000 1.000000
0.997706 0.037620 -0.056275 0.017300 -0.051285 0.962700 -0.265665 10.574800 0.044181 0.267941 0.962422 -1.117200 0.000000 0.000000 0.000000 1.000000
0.998107 0.042678 -0.044284 0.017300 -0.052494 0.966338 -0.251863 10.574800 0.032045 0.253711 0.966749 -1.117200 0.000000 0.000000 0.000000 1.000000
0.998546 0.041177 -0.034783 0.017300 -0.048543 0.967475 -0.248267 10.574800 0.023429 0.249595 0.968067 -1.117200 0.000000 0.000000 0.000000 1.000000
0.998524 0.042713 -0.033558 0.017300 -0.049672 0.968027 -0.245879 10.574800 0.021983 0.247183 0.968719 -1.117200 0.000000 0.000000 0.000000 1.000000
0.998732 0.042568 -0.026886 0.017300 -0.047980 0.966535 -0.252008 10.574800 0.015258 0.252978 0.967352 -1.117200 0.000000 0.000000 0.000000 1.000000
0.998947 0.039372 -0.023567 0.017300 -0.044133 0.964999 -0.258514 10.574800 0.012564 0.259282 0.965720 -1.117200 0.000000 0.000000 0.000000 1.000000
0.998975 0.043092 -0.013877 0.017300 -0.045236 0.962241 -0.268412 10.574800 0.001787 0.268765 0.963204 -1.117200 0.000000 0.000000 0.000000 1.000000
0.998760 0.049507 -0.005261 0.017300 -0.049003 0.958884 -0.279535 10.574800 -0.008794 0.279446 0.960121 -1.117200 0.000000 0.000000 0.000000 1.000000
0.998779 0.049030 0.006088 0.017300 -0.045157 0.955920 -0.290135 10.574800 -0.020045 0.289505 0.956966 -1.117200 0.000000 0.000000 0.000000 1.000000
0.998600 0.051213 0.013217 0.017300 -0.044810 0.951940 -0.302988 10.574800 -0.028099 0.301972 0.952903 -1.117200 0.000000 0.000000 0.000000 1.000000
0.998201 0.057946 0.015390 0.017300 -0.050114 0.947319 -0.316347 10.574800 -0.032911 0.315007 0.948519 -1.117200 0.000000 0.000000 0.000000 1.000000
0.998040 0.059783 0.018514 0.017300 -0.050446 0.943545 -0.327379 10.574800 -0.037040 0.325804 0.944712 -1.117200 0.000000 0.000000 0.000000 1.000000
0.997738 0.062847 0.023873 0.017300 -0.051100 0.939701 -0.338158 10.574800 -0.043686 0.336173 0.940786 -1.117200 0.000000 0.000000 0.000000 1.000000
0.997573 0.064352 0.026578 0.017300 -0.050920 0.934670 -0.351852 10.574800 -0.047484 0.349644 0.935678 -1.117200 0.000000 0.000000 0.000000 1.000000
0.997294 0.066465 0.031408 0.017300 -0.050488 0.929818 -0.364539 10.574800 -0.053433 0.361967 0.930658 -1.117200 0.000000 0.000000 0.000000 1.000000
0.996870 0.066957 0.042045 0.017300 -0.046811 0.928401 -0.368618 10.574800 -0.063717 0.365496 0.928629 -1.117200 0.000000 0.000000 0.000000 1.000000
0.996569 0.067288 0.048200 0.017300 -0.045013 0.929282 -0.366619 10.574800 -0.069460 0.363192 0.929122 -1.117200 0.000000 0.000000 0.000000 1.000000
0.996380 0.067355 0.051867 0.017300 -0.044064 0.930954 -0.362467 10.574800 -0.072700 0.358870 0.930552 -1.117200 0.000000 0.000000 0.000000 1.000000
0.996673 0.067398 0.045834 0.017300 -0.046785 0.933544 -0.355396 10.574800 -0.066741 0.352069 0.933591 -1.117200 0.000000 0.000000 0.000000 1.000000
0.997003 0.067728 0.037378 0.017300 -0.050548 0.936138 -0.347980 10.574800 -0.058559 0.345048 0.936756 -1.117200 0.000000 0.000000 0.000000 1.000000
0.997152 0.069523 0.029246 0.017300 -0.055336 0.937824 -0.342673 10.574800 -0.051251 0.340079 0.938999 -1.117200 0.000000 0.000000 0.000000 1.000000
0.997163 0.072127 0.021539 0.017300 -0.060607 0.938997 -0.338543 10.574800 -0.044643 0.336277 0.940704 -1.117200 0.000000 0.000000 0.000000 1.000000
0.997096 0.074828 0.014123 0.017300 -0.065813 0.940096 -0.334497 10.574800 -0.038307 0.332597 0.942291 -1.117200 0.000000 0.000000 0.000000 1.000000
0.996987 0.077227 0.007284 0.017300 -0.070510 0.941387 -0.329877 10.574800 -0.032333 0.328370 0.943996 -1.117200 0.000000 0.000000 0.000000 1.000000
0.996890 0.078781 0.002052 0.017300 -0.073875 0.943239 -0.323795 10.574800 -0.027445 0.322637 0.946125 -1.117200 0.000000 0.000000 0.000000 1.000000
0.996885 0.078858 0.001563 0.017300 -0.074370 0.946378 -0.314386 10.574800 -0.026271 0.313290 0.949294 -1.117200 0.000000 0.000000 0.000000 1.000000
0.996937 0.078197 -0.001648 0.017300 -0.074850 0.947725 -0.310186 10.574800 -0.022694 0.309359 0.950675 -1.117200 0.000000 0.000000 0.000000 1.000000
0.997200 0.074488 -0.006674 0.017300 -0.072898 0.948201 -0.309193 10.574800 -0.016703 0.308814 0.950976 -1.117200 0.000000 0.000000 0.000000 1.000000
0.997415 0.070855 -0.011970 0.017300 -0.071039 0.947174 -0.312753 10.574800 -0.010822 0.312795 0.949759 -1.117200 0.000000 0.000000 0.000000 1.000000
0.997805 0.064287 -0.015853 0.017300 -0.066031 0.948386 -0.310166 10.574800 -0.004905 0.310532 0.950550 -1.117200 0.000000 0.000000 0.000000 1.000000
0.998225 0.055433 -0.021756 0.017300 -0.059439 0.949764 -0.307272 10.574800 0.003630 0.308020 0.951373 -1.117200 0.000000 0.000000 0.000000 1.000000
0.998473 0.047395 -0.028386 0.017300 -0.053818 0.950519 -0.305970 10.574800 0.012480 0.307030 0.951618 -1.117200 0.000000 0.000000 0.000000 1.000000
0.998539 0.041021 -0.035172 0.017300 -0.049789 0.951392 -0.303931 10.574800 0.020994 0.305238 0.952045 -1.117200 0.000000 0.000000 0.000000 1.000000
0.998663 0.033754 -0.039148 0.017300 -0.044050 0.952011 -0.302879 10.574800 0.027046 0.304198 0.952225 -1.117200 0.000000 0.000000 0.000000 1.000000
0.998544 0.025155 -0.047709 0.017300 -0.038484 0.952061 -0.303479 10.574800 0.037788 0.304874 0.951643 -1.117200 0.000000 0.000000 0.000000 1.000000
0.998029 0.025254 -0.057446 0.017300 -0.041356 0.953214 -0.299454 10.574800 0.047196 0.301239 0.952380 -1.117200 0.000000 0.000000 0.000000 1.000000
0.997506 0.028574 -0.064539 0.017300 -0.046368 0.954687 -0.293979 10.574800 0.053214 0.296238 0.953631 -1.117200 0.000000 0.000000 0.000000 1.000000
0.997365 0.034960 -0.063569 0.017300 -0.052184 0.954424 -0.293855 10.574800 0.050398 0.296398 0.953734 -1.117200 0.000000 0.000000 0.000000 1.000000</float_array><technique_common><accessor source="#Spine-Matrix-animation-output-transform-array" count="40" stride="16"><param type="float4x4"/></accessor></technique_common></source><source id="Spine-Interpolations"><Name_array id="Spine-Interpolations-array" count="40">
 LINEAR LINEAR LINEAR LINEAR LINEAR LINEAR LINEAR LINEAR LINEAR LINEAR LINEAR
LINEAR LINEAR LINEAR LINEAR LINEAR LINEAR LINEAR LINEAR LINEAR LINEAR LINEAR LINEAR
LINEAR LINEAR LINEAR LINEAR LINEAR LINEAR LINEAR LINEAR LINEAR LINEAR LINEAR LINEAR
LINEAR LINEAR LINEAR LINEAR LINEAR</Name_array><technique_common><accessor source="#Spine-Interpolations-array" count="40"><param type="name"/></accessor></technique_common></source><sampler id="Spine-Matrix-animation-transform"><input semantic="INPUT" source="#Spine-Matrix-animation-input"/><input semantic="OUTPUT" source="#Spine-Matrix-animation-output-transform"/><input semantic="INTERPOLATION" source="#Spine-Interpolations"/></sampler><channel source="#Spine-Matrix-animation-transform" target="Spine/matrix"/></animation>
    <animation id="Spine1-anim" name="Spine1"><source id="Spine1-Matrix-animation-input"><float_array id="Spine1-Matrix-animation-input-array" count="40">

0.000000 0.033333 0.066667 0.100000 0.133333 0.166667 0.200000 0.233333 0.266667 0.300000 0.333333 0.366667 0.400000 0.433333 0.466667 0.500000
0.533333 0.566667 0.600000 0.633333 0.666667 0.700000 0.733333 0.766667 0.800000 0.833333 0.866667 0.900000 0.933333 0.966667 1.000000 1.033333
1.066667 1.100000 1.133333 1.166667 1.200000 1.233333 1.266667 1.300000</float_array><technique_common><accessor source="#Spine1-Matrix-animation-input-array" count="40"><param name="TIME" type="float"/></accessor></technique_common></source><source id="Spine1-Matrix-animation-output-transform"><float_array id="Spine1-Matrix-animation-output-transform-array" count="640">

0.999701 0.020900 -0.012701 0.019000 -0.021186 0.999517 -0.022756 12.337300 0.012219 0.023018 0.999660 -1.303400 0.000000 0.000000 0.000000 1.000000
0.999737 0.018387 -0.013739 0.019000 -0.018719 0.999528 -0.024372 12.337300 0.013284 0.024623 0.999609 -1.303400 0.000000 0.000000 0.000000 1.000000
0.999807 0.015515 -0.012083 0.019000 -0.015841 0.999500 -0.027372 12.337300 0.011652 0.027558 0.999552 -1.303400 0.000000 0.000000 0.000000 1.000000
0.999872 0.013048 -0.009234 0.019000 -0.013316 0.999473 -0.029593 12.337300 0.008843 0.029712 0.999519 -1.303400 0.000000 0.000000 0.000000 1.000000
0.999911 0.011338 -0.007018 0.019000 -0.011554 0.999435 -0.031566 12.337300 0.006656 0.031644 0.999477 -1.303400 0.000000 0.000000 0.000000 1.000000
0.999910 0.011600 -0.006783 0.019000 -0.011824 0.999351 -0.034022 12.337300 0.006384 0.034099 0.999398 -1.303400 0.000000 0.000000 0.000000 1.000000
0.999913 0.012259 -0.004954 0.019000 -0.012435 0.999227 -0.037282 12.337300 0.004493 0.037341 0.999292 -1.303400 0.000000 0.000000 0.000000 1.000000
0.999915 0.012407 -0.004052 0.019000 -0.012552 0.999202 -0.037929 12.337300 0.003578 0.037977 0.999272 -1.303400 0.000000 0.000000 0.000000 1.000000
0.999899 0.014175 -0.000913 0.019000 -0.014199 0.999186 -0.037769 12.337300 0.000377 0.037778 0.999286 -1.303400 0.000000 0.000000 0.000000 1.000000
0.999872 0.015842 0.002052 0.019000 -0.015754 0.999175 -0.037421 12.337300 -0.002643 0.037384 0.999297 -1.303400 0.000000 0.000000 0.000000 1.000000
0.999853 0.016309 0.005375 0.019000 -0.016101 0.999197 -0.036689 12.337300 -0.005969 0.036597 0.999312 -1.303400 0.000000 0.000000 0.000000 1.000000
0.999827 0.016911 0.007700 0.019000 -0.016622 0.999206 -0.036196 12.337300 -0.008306 0.036061 0.999315 -1.303400 0.000000 0.000000 0.000000 1.000000
0.999796 0.018074 0.008992 0.019000 -0.017745 0.999214 -0.035460 12.337300 -0.009626 0.035293 0.999331 -1.303400 0.000000 0.000000 0.000000 1.000000
0.999758 0.019420 0.010329 0.019000 -0.019050 0.999214 -0.034767 12.337300 -0.010996 0.034562 0.999342 -1.303400 0.000000 0.000000 0.000000 1.000000
0.999716 0.020404 0.012320 0.019000 -0.019970 0.999209 -0.034388 12.337300 -0.013012 0.034132 0.999333 -1.303400 0.000000 0.000000 0.000000 1.000000
0.999663 0.022071 0.013676 0.019000 -0.021585 0.999163 -0.034734 12.337300 -0.014432 0.034427 0.999303 -1.303400 0.000000 0.000000 0.000000 1.000000
0.999589 0.023990 0.015682 0.019000 -0.023418 0.999089 -0.035662 12.337300 -0.016523 0.035280 0.999241 -1.303400 0.000000 0.000000 0.000000 1.000000
0.999491 0.025665 0.018954 0.019000 -0.024963 0.999026 -0.036398 12.337300 -0.019870 0.035907 0.999158 -1.303400 0.000000 0.000000 0.000000 1.000000
0.999403 0.027561 0.020834 0.019000 -0.026767 0.998939 -0.037465 12.337300 -0.021845 0.036885 0.999081 -1.303400 0.000000 0.000000 0.000000 1.000000
0.999324 0.029499 0.021959 0.019000 -0.028637 0.998845 -0.038585 12.337300 -0.023072 0.037931 0.999014 -1.303400 0.000000 0.000000 0.000000 1.000000
0.999310 0.031116 0.020286 0.019000 -0.030300 0.998767 -0.039330 12.337300 -0.021485 0.038688 0.999020 -1.303400 0.000000 0.000000 0.000000 1.000000
0.999308 0.032597 0.017936 0.019000 -0.031861 0.998694 -0.039929 12.337300 -0.019214 0.039330 0.999042 -1.303400 0.000000 0.000000 0.000000 1.000000
0.999303 0.033822 0.015782 0.019000 -0.033162 0.998636 -0.040330 12.337300 -0.017125 0.039778 0.999062 -1.303400 0.000000 0.000000 0.000000 1.000000
0.999296 0.034897 0.013806 0.019000 -0.034311 0.998585 -0.040617 12.337300 -0.015204 0.040115 0.999079 -1.303400 0.000000 0.000000 0.000000 1.000000
0.999284 0.035919 0.011910 0.019000 -0.035405 0.998537 -0.040859 12.337300 -0.013360 0.040408 0.999094 -1.303400 0.000000 0.000000 0.000000 1.000000
0.999269 0.036854 0.010124 0.019000 -0.036410 0.998494 -0.041026 12.337300 -0.011621 0.040627 0.999107 -1.303400 0.000000 0.000000 0.000000 1.000000
0.999257 0.037549 0.008644 0.019000 -0.037165 0.998468 -0.040991 12.337300 -0.010170 0.040639 0.999122 -1.303400 0.000000 0.000000 0.000000 1.000000
0.999270 0.037335 0.008160 0.019000 -0.036978 0.998510 -0.040141 12.337300 -0.009646 0.039810 0.999161 -1.303400 0.000000 0.000000 0.000000 1.000000
0.999312 0.036419 0.007062 0.019000 -0.036113 0.998572 -0.039366 12.337300 -0.008486 0.039084 0.999200 -1.303400 0.000000 0.000000 0.000000 1.000000
0.999364 0.035246 0.005428 0.019000 -0.035008 0.998622 -0.039102 12.337300 -0.006799 0.038887 0.999220 -1.303400 0.000000 0.000000 0.000000 1.000000
0.999413 0.034043 0.003901 0.019000 -0.033865 0.998662 -0.039084 12.337300 -0.005226 0.038929 0.999228 -1.303400 0.000000 0.000000 0.000000 1.000000
0.999469 0.032492 0.002422 0.019000 -0.032377 0.998751 -0.038058 12.337300 -0.003656 0.037959 0.999273 -1.303400 0.000000 0.000000 0.000000 1.000000
0.999527 0.030748 0.000314 0.019000 -0.030717 0.998880 -0.035980 12.337300 -0.001420 0.035953 0.999352 -1.303400 0.000000 0.000000 0.000000 1.000000
0.999552 0.029873 -0.001778 0.019000 -0.029915 0.999006 -0.033060 12.337300 0.000788 0.033099 0.999452 -1.303400 0.000000 0.000000 0.000000 1.000000
0.999573 0.028959 -0.003903 0.019000 -0.029064 0.999116 -0.030383 12.337300 0.003020 0.030483 0.999531 -1.303400 0.000000 0.000000 0.000000 1.000000
0.999615 0.027228 -0.005406 0.019000 -0.027369 0.999231 -0.028067 12.337300 0.004638 0.028204 0.999591 -1.303400 0.000000 0.000000 0.000000 1.000000
0.999640 0.025553 -0.008228 0.019000 -0.025763 0.999314 -0.026603 12.337300 0.007543 0.026805 0.999612 -1.303400 0.000000 0.000000 0.000000 1.000000
0.999649 0.024059 -0.011064 0.019000 -0.024327 0.999398 -0.024748 12.337300 0.010462 0.025009 0.999632 -1.303400 0.000000 0.000000 0.000000 1.000000
0.999658 0.022651 -0.013047 0.019000 -0.022944 0.999479 -0.022718 12.337300 0.012526 0.023010 0.999657 -1.303400 0.000000 0.000000 0.000000 1.000000
0.999701 0.020901 -0.012701 0.019000 -0.021186 0.999517 -0.022755 12.337300 0.012219 0.023018 0.999660 -1.303400 0.000000 0.000000 0.000000 1.000000</float_array><technique_common><accessor source="#Spine1-Matrix-animation-output-transform-array" count="40" stride="16"><param type="float4x4"/></accessor></technique_common></source><source id="Spine1-Interpolations"><Name_array id="Spine1-Interpolations-array" count="40">
 LINEAR LINEAR LINEAR LINEAR LINEAR LINEAR LINEAR LINEAR LINEAR LINEAR LINEAR
LINEAR LINEAR LINEAR LINEAR LINEAR LINEAR LINEAR LINEAR LINEAR LINEAR LINEAR LINEAR
LINEAR LINEAR LINEAR LINEAR LINEAR LINEAR LINEAR LINEAR LINEAR LINEAR LINEAR LINEAR
LINEAR LINEAR LINEAR LINEAR LINEAR</Name_array><technique_common><accessor source="#Spine1-Interpolations-array" count="40"><param type="name"/></accessor></technique_common></source><sampler id="Spine1-Matrix-animation-transform"><input semantic="INPUT" source="#Spine1-Matrix-animation-input"/><input semantic="OUTPUT" source="#Spine1-Matrix-animation-output-transform"/><input semantic="INTERPOLATION" source="#Spine1-Interpolations"/></sampler><channel source="#Spine1-Matrix-animation-transform" target="Spine1/matrix"/></animation>
    <animation id="Spine2-anim" name="Spine2"><source id="Spine2-Matrix-animation-input"><float_array id="Spine2-Matrix-animation-input-array" count="40">

0.000000 0.033333 0.066667 0.100000 0.133333 0.166667 0.200000 0.233333 0.266667 0.300000 0.333333 0.366667 0.400000 0.433333 0.466667 0.500000
0.533333 0.566667 0.600000 0.633333 0.666667 0.700000 0.733333 0.766667 0.800000 0.833333 0.866667 0.900000 0.933333 0.966667 1.000000 1.033333
1.066667 1.100000 1.133333 1.166667 1.200000 1.233333 1.266667 1.300000</float_array><technique_common><accessor source="#Spine2-Matrix-animation-input-array" count="40"><param name="TIME" type="float"/></accessor></technique_common></source><source id="Spine2-Matrix-animation-output-transform"><float_array id="Spine2-Matrix-animation-output-transform-array" count="640">

0.999714 0.020764 -0.011886 0.021700 -0.021032 0.999516 -0.022919 14.099800 0.011404 0.023163 0.999667 -1.489600 0.000000 0.000000 0.000000 1.000000
0.999749 0.018175 -0.013068 0.021700 -0.018492 0.999528 -0.024543 14.099800 0.012615 0.024778 0.999613 -1.489600 0.000000 0.000000 0.000000 1.000000
0.999816 0.015308 -0.011589 0.021700 -0.015622 0.999499 -0.027510 14.099800 0.011162 0.027686 0.999554 -1.489600 0.000000 0.000000 0.000000 1.000000
0.999877 0.012892 -0.008901 0.021700 -0.013151 0.999473 -0.029688 14.099800 0.008514 0.029801 0.999520 -1.489600 0.000000 0.000000 0.000000 1.000000
0.999914 0.011224 -0.006763 0.021700 -0.011432 0.999434 -0.031630 14.099800 0.006404 0.031704 0.999477 -1.489600 0.000000 0.000000 0.000000 1.000000
0.999913 0.011478 -0.006554 0.021700 -0.011695 0.999351 -0.034079 14.099800 0.006159 0.034153 0.999398 -1.489600 0.000000 0.000000 0.000000 1.000000
0.999915 0.012187 -0.004724 0.021700 -0.012355 0.999227 -0.037318 14.099800 0.004265 0.037373 0.999292 -1.489600 0.000000 0.000000 0.000000 1.000000
0.999916 0.012365 -0.003808 0.021700 -0.012501 0.999201 -0.037952 14.099800 0.003335 0.037996 0.999272 -1.489600 0.000000 0.000000 0.000000 1.000000
0.999898 0.014258 -0.000627 0.021700 -0.014271 0.999185 -0.037762 14.099800 0.000088 0.037767 0.999287 -1.489600 0.000000 0.000000 0.000000 1.000000
0.999868 0.016046 0.002380 0.021700 -0.015945 0.999174 -0.037382 14.099800 -0.002978 0.037339 0.999298 -1.489600 0.000000 0.000000 0.000000 1.000000
0.999845 0.016640 0.005749 0.021700 -0.016419 0.999194 -0.036618 14.099800 -0.006353 0.036518 0.999313 -1.489600 0.000000 0.000000 0.000000 1.000000
0.999817 0.017338 0.008125 0.021700 -0.017034 0.999203 -0.036101 14.099800 -0.008744 0.035956 0.999315 -1.489600 0.000000 0.000000 0.000000 1.000000
0.999783 0.018566 0.009483 0.021700 -0.018220 0.999209 -0.035340 14.099800 -0.010132 0.035160 0.999330 -1.489600 0.000000 0.000000 0.000000 1.000000
0.999741 0.019984 0.010924 0.021700 -0.019595 0.999208 -0.034620 14.099800 -0.011607 0.034397 0.999341 -1.489600 0.000000 0.000000 0.000000 1.000000
0.999694 0.021063 0.012996 0.021700 -0.020608 0.999202 -0.034206 14.099800 -0.013706 0.033928 0.999330 -1.489600 0.000000 0.000000 0.000000 1.000000
0.999635 0.022827 0.014484 0.021700 -0.022316 0.999155 -0.034516 14.099800 -0.015259 0.034180 0.999299 -1.489600 0.000000 0.000000 0.000000 1.000000
0.999552 0.024879 0.016627 0.021700 -0.024278 0.999079 -0.035393 14.099800 -0.017493 0.034974 0.999235 -1.489600 0.000000 0.000000 0.000000 1.000000
0.999443 0.026724 0.020004 0.021700 -0.025991 0.999012 -0.036060 14.099800 -0.020947 0.035520 0.999149 -1.489600 0.000000 0.000000 0.000000 1.000000
0.999346 0.028732 0.021960 0.021700 -0.027905 0.998923 -0.037073 14.099800 -0.023002 0.036436 0.999071 -1.489600 0.000000 0.000000 0.000000 1.000000
0.999259 0.030749 0.023151 0.021700 -0.029852 0.998826 -0.038152 14.099800 -0.024297 0.037433 0.999004 -1.489600 0.000000 0.000000 0.000000 1.000000
0.999246 0.032317 0.021511 0.021700 -0.031464 0.998747 -0.038905 14.099800 -0.022741 0.038199 0.999011 -1.489600 0.000000 0.000000 0.000000 1.000000
0.999247 0.033718 0.019183 0.021700 -0.032940 0.998675 -0.039526 14.099800 -0.020490 0.038864 0.999034 -1.489600 0.000000 0.000000 0.000000 1.000000
0.999247 0.034866 0.017046 0.021700 -0.034162 0.998618 -0.039947 14.099800 -0.018415 0.039335 0.999056 -1.489600 0.000000 0.000000 0.000000 1.000000
0.999243 0.035870 0.015080 0.021700 -0.035238 0.998568 -0.040253 14.099800 -0.016503 0.039691 0.999076 -1.489600 0.000000 0.000000 0.000000 1.000000
0.999235 0.036823 0.013195 0.021700 -0.036262 0.998521 -0.040512 14.099800 -0.014667 0.040003 0.999092 -1.489600 0.000000 0.000000 0.000000 1.000000
0.999224 0.037691 0.011414 0.021700 -0.037198 0.998479 -0.040697 14.099800 -0.012931 0.040241 0.999106 -1.489600 0.000000 0.000000 0.000000 1.000000
0.999216 0.038325 0.009929 0.021700 -0.037892 0.998454 -0.040678 14.099800 -0.011473 0.040270 0.999123 -1.489600 0.000000 0.000000 0.000000 1.000000
0.999231 0.038066 0.009400 0.021700 -0.037664 0.998496 -0.039836 14.099800 -0.010902 0.039451 0.999162 -1.489600 0.000000 0.000000 0.000000 1.000000
0.999278 0.037086 0.008264 0.021700 -0.036736 0.998560 -0.039090 14.099800 -0.009702 0.038759 0.999202 -1.489600 0.000000 0.000000 0.000000 1.000000
0.999336 0.035838 0.006611 0.021700 -0.035554 0.998611 -0.038875 14.099800 -0.007995 0.038614 0.999222 -1.489600 0.000000 0.000000 0.000000 1.000000
0.999389 0.034572 0.005082 0.021700 -0.034348 0.998652 -0.038902 14.099800 -0.006420 0.038704 0.999230 -1.489600 0.000000 0.000000 0.000000 1.000000
0.999451 0.032947 0.003575 0.021700 -0.032788 0.998743 -0.037925 14.099800 -0.004820 0.037787 0.999274 -1.489600 0.000000 0.000000 0.000000 1.000000
0.999515 0.031110 0.001444 0.021700 -0.031038 0.998873 -0.035912 14.099800 -0.002559 0.035850 0.999354 -1.489600 0.000000 0.000000 0.000000 1.000000
0.999545 0.030162 -0.000631 0.021700 -0.030167 0.998998 -0.033051 14.099800 -0.000367 0.033055 0.999453 -1.489600 0.000000 0.000000 0.000000 1.000000
0.999570 0.029177 -0.002764 0.021700 -0.029248 0.999109 -0.030426 14.099800 0.001874 0.030494 0.999533 -1.489600 0.000000 0.000000 0.000000 1.000000
0.999616 0.027391 -0.004311 0.021700 -0.027501 0.999226 -0.028142 14.099800 0.003536 0.028250 0.999595 -1.489600 0.000000 0.000000 0.000000 1.000000
0.999646 0.025614 -0.007159 0.021700 -0.025796 0.999310 -0.026722 14.099800 0.006470 0.026898 0.999617 -1.489600 0.000000 0.000000 0.000000 1.000000
0.999661 0.024013 -0.010071 0.021700 -0.024257 0.999395 -0.024905 14.099800 0.009467 0.025141 0.999639 -1.489600 0.000000 0.000000 0.000000 1.000000
0.999672 0.022533 -0.012136 0.021700 -0.022807 0.999478 -0.022898 14.099800 0.011614 0.023167 0.999664 -1.489600 0.000000 0.000000 0.000000 1.000000
0.999714 0.020764 -0.011886 0.021700 -0.021032 0.999516 -0.022919 14.099800 0.011404 0.023163 0.999667 -1.489600 0.000000 0.000000 0.000000 1.000000</float_array><technique_common><accessor source="#Spine2-Matrix-animation-output-transform-array" count="40" stride="16"><param type="float4x4"/></accessor></technique_common></source><source id="Spine2-Interpolations"><Name_array id="Spine2-Interpolations-array" count="40">
 LINEAR LINEAR LINEAR LINEAR LINEAR LINEAR LINEAR LINEAR LINEAR LINEAR LINEAR
LINEAR LINEAR LINEAR LINEAR LINEAR LINEAR LINEAR LINEAR LINEAR LINEAR LINEAR LINEAR
LINEAR LINEAR LINEAR LINEAR LINEAR LINEAR LINEAR LINEAR LINEAR LINEAR LINEAR LINEAR
LINEAR LINEAR LINEAR LINEAR LINEAR</Name_array><technique_common><accessor source="#Spine2-Interpolations-array" count="40"><param type="name"/></accessor></technique_common></source><sampler id="Spine2-Matrix-animation-transform"><input semantic="INPUT" source="#Spine2-Matrix-animation-input"/><input semantic="OUTPUT" source="#Spine2-Matrix-animation-output-transform"/><input semantic="INTERPOLATION" source="#Spine2-Interpolations"/></sampler><channel source="#Spine2-Matrix-animation-transform" target="Spine2/matrix"/></animation>
    <animation id="Neck-anim" name="Neck"><source id="Neck-Matrix-animation-input"><float_array id="Neck-Matrix-animation-input-array" count="40">

0.000000 0.033333 0.066667 0.100000 0.133333 0.166667 0.200000 0.233333 0.266667 0.300000 0.333333 0.366667 0.400000 0.433333 0.466667 0.500000
0.533333 0.566667 0.600000 0.633333 0.666667 0.700000 0.733333 0.766667 0.800000 0.833333 0.866667 0.900000 0.933333 0.966667 1.000000 1.033333
1.066667 1.100000 1.133333 1.166667 1.200000 1.233333 1.266667 1.300000</float_array><technique_common><accessor source="#Neck-Matrix-animation-input-array" count="40"><param name="TIME" type="float"/></accessor></technique_common></source><source id="Neck-Matrix-animation-output-transform"><float_array id="Neck-Matrix-animation-output-transform-array" count="640">

0.963184 0.030798 0.267072 0.024400 -0.020290 0.998911 -0.042016 15.862300 -0.268076 0.035050 0.962760 -1.675800 0.000000 0.000000 0.000000 1.000000
0.959178 0.028851 0.281328 0.024400 -0.020231 0.999234 -0.033496 15.862300 -0.282079 0.026437 0.959027 -1.675800 0.000000 0.000000 0.000000 1.000000
0.956807 0.029497 0.289223 0.024400 -0.025807 0.999530 -0.016561 15.862300 -0.289576 0.008382 0.957118 -1.675800 0.000000 0.000000 0.000000 1.000000
0.952494 0.038157 0.302158 0.024400 -0.037600 0.999263 -0.007663 15.862300 -0.302228 -0.004062 0.953227 -1.675800 0.000000 0.000000 0.000000 1.000000
0.947289 0.045282 0.317165 0.024400 -0.047267 0.998881 -0.001437 15.862300 -0.316875 -0.013630 0.948369 -1.675800 0.000000 0.000000 0.000000 1.000000
0.943326 0.047420 0.328461 0.024400 -0.052328 0.998611 0.006112 15.862300 -0.327715 -0.022953 0.944498 -1.675800 0.000000 0.000000 0.000000 1.000000
0.939411 0.047958 0.339423 0.024400 -0.055116 0.998414 0.011474 15.862300 -0.338334 -0.029487 0.940564 -1.675800 0.000000 0.000000 0.000000 1.000000
0.933361 0.054786 0.354734 0.024400 -0.064264 0.997820 0.014981 15.862300 -0.353140 -0.036780 0.934847 -1.675800 0.000000 0.000000 0.000000 1.000000
0.928867 0.049779 0.367054 0.024400 -0.062058 0.997836 0.021719 15.862300 -0.365179 -0.042953 0.929946 -1.675800 0.000000 0.000000 0.000000 1.000000
0.923944 0.046538 0.379687 0.024400 -0.062549 0.997593 0.029935 15.862300 -0.377380 -0.051408 0.924631 -1.675800 0.000000 0.000000 0.000000 1.000000
0.919553 0.051401 0.389591 0.024400 -0.069065 0.997116 0.031460 15.862300 -0.386850 -0.055836 0.920451 -1.675800 0.000000 0.000000 0.000000 1.000000
0.915571 0.050545 0.398968 0.024400 -0.070265 0.996916 0.034950 15.862300 -0.395971 -0.060033 0.916299 -1.675800 0.000000 0.000000 0.000000 1.000000
0.912229 0.045721 0.407120 0.024400 -0.066396 0.997115 0.036795 15.862300 -0.404263 -0.060597 0.912633 -1.675800 0.000000 0.000000 0.000000 1.000000
0.908415 0.044866 0.415656 0.024400 -0.065577 0.997209 0.035680 15.862300 -0.412895 -0.059670 0.908822 -1.675800 0.000000 0.000000 0.000000 1.000000
0.904707 0.047223 0.423409 0.024400 -0.068069 0.997093 0.034236 15.862300 -0.420561 -0.059795 0.905292 -1.675800 0.000000 0.000000 0.000000 1.000000
0.901975 0.047642 0.429152 0.024400 -0.068170 0.997142 0.032580 15.862300 -0.426373 -0.058642 0.902645 -1.675800 0.000000 0.000000 0.000000 1.000000
0.899511 0.050681 0.433948 0.024400 -0.069112 0.997249 0.026789 15.862300 -0.431397 -0.054088 0.900540 -1.675800 0.000000 0.000000 0.000000 1.000000
0.898217 0.055909 0.435983 0.024400 -0.069582 0.997457 0.015442 15.862300 -0.434011 -0.044207 0.899822 -1.675800 0.000000 0.000000 0.000000 1.000000
0.896455 0.060924 0.438927 0.024400 -0.071173 0.997440 0.006915 15.862300 -0.437382 -0.037439 0.898496 -1.675800 0.000000 0.000000 0.000000 1.000000
0.894521 0.065239 0.442240 0.024400 -0.075248 0.997152 0.005105 15.862300 -0.440648 -0.037844 0.896882 -1.675800 0.000000 0.000000 0.000000 1.000000
0.893180 0.069098 0.444360 0.024400 -0.078415 0.996917 0.002596 15.862300 -0.442811 -0.037163 0.895845 -1.675800 0.000000 0.000000 0.000000 1.000000
0.892311 0.072443 0.445571 0.024400 -0.080988 0.996715 0.000137 15.862300 -0.444097 -0.036209 0.895247 -1.675800 0.000000 0.000000 0.000000 1.000000
0.891855 0.075315 0.446007 0.024400 -0.083077 0.996541 -0.002156 15.862300 -0.444627 -0.035130 0.895027 -1.675800 0.000000 0.000000 0.000000 1.000000
0.893150 0.076000 0.443292 0.024400 -0.083363 0.996515 -0.002887 15.862300 -0.441966 -0.034376 0.896373 -1.675800 0.000000 0.000000 0.000000 1.000000
0.894311 0.075482 0.441033 0.024400 -0.082436 0.996591 -0.003402 15.862300 -0.439786 -0.033315 0.897485 -1.675800 0.000000 0.000000 0.000000 1.000000
0.895727 0.077431 0.437810 0.024400 -0.084522 0.996416 -0.003299 15.862300 -0.436496 -0.034049 0.899062 -1.675800 0.000000 0.000000 0.000000 1.000000
0.897311 0.076803 0.434665 0.024400 -0.086337 0.996264 0.002197 15.862300 -0.432872 -0.039499 0.900590 -1.675800 0.000000 0.000000 0.000000 1.000000
0.900361 0.074408 0.428735 0.024400 -0.086551 0.996208 0.008866 15.862300 -0.426449 -0.045091 0.903387 -1.675800 0.000000 0.000000 0.000000 1.000000
0.902194 0.076898 0.424421 0.024400 -0.090670 0.995805 0.012314 15.862300 -0.421693 -0.049591 0.905381 -1.675800 0.000000 0.000000 0.000000 1.000000
0.905124 0.079567 0.417635 0.024400 -0.091950 0.995718 0.009575 15.862300 -0.415085 -0.047068 0.908564 -1.675800 0.000000 0.000000 0.000000 1.000000
0.908834 0.083452 0.408725 0.024400 -0.091478 0.995807 0.000088 15.862300 -0.407004 -0.037469 0.912657 -1.675800 0.000000 0.000000 0.000000 1.000000
0.913091 0.086106 0.398560 0.024400 -0.088569 0.995994 -0.012268 15.862300 -0.398020 -0.024098 0.917060 -1.675800 0.000000 0.000000 0.000000 1.000000
0.917761 0.084758 0.387983 0.024400 -0.082244 0.996344 -0.023114 15.862300 -0.388524 -0.010696 0.921377 -1.675800 0.000000 0.000000 0.000000 1.000000
0.924085 0.077495 0.374247 0.024400 -0.070042 0.996981 -0.033499 15.862300 -0.375713 0.004743 0.926724 -1.675800 0.000000 0.000000 0.000000 1.000000
0.930007 0.075058 0.359796 0.024400 -0.062447 0.996961 -0.046565 15.862300 -0.362198 0.020838 0.931868 -1.675800 0.000000 0.000000 0.000000 1.000000
0.936653 0.074204 0.342309 0.024400 -0.057029 0.996569 -0.059985 15.862300 -0.345586 0.036663 0.937671 -1.675800 0.000000 0.000000 0.000000 1.000000
0.943279 0.065164 0.325542 0.024400 -0.047132 0.996901 -0.062982 15.862300 -0.328637 0.044066 0.943428 -1.675800 0.000000 0.000000 0.000000 1.000000
0.950156 0.051730 0.307453 0.024400 -0.035905 0.997733 -0.056911 15.862300 -0.309700 0.043035 0.949860 -1.675800 0.000000 0.000000 0.000000 1.000000
0.956996 0.037375 0.287685 0.024400 -0.025008 0.998603 -0.046546 15.862300 -0.289023 0.037350 0.956593 -1.675800 0.000000 0.000000 0.000000 1.000000
0.963184 0.030798 0.267073 0.024400 -0.020290 0.998911 -0.042016 15.862300 -0.268076 0.035050 0.962760 -1.675800 0.000000 0.000000 0.000000 1.000000</float_array><technique_common><accessor source="#Neck-Matrix-animation-output-transform-array" count="40" stride="16"><param type="float4x4"/></accessor></technique_common></source><source id="Neck-Interpolations"><Name_array id="Neck-Interpolations-array" count="40">
 LINEAR LINEAR LINEAR LINEAR LINEAR LINEAR LINEAR LINEAR LINEAR LINEAR LINEAR
LINEAR LINEAR LINEAR LINEAR LINEAR LINEAR LINEAR LINEAR LINEAR LINEAR LINEAR LINEAR
LINEAR LINEAR LINEAR LINEAR LINEAR LINEAR LINEAR LINEAR LINEAR LINEAR LINEAR LINEAR
LINEAR LINEAR LINEAR LINEAR LINEAR</Name_array><technique_common><accessor source="#Neck-Interpolations-array" count="40"><param type="name"/></accessor></technique_common></source><sampler id="Neck-Matrix-animation-transform"><input semantic="INPUT" source="#Neck-Matrix-animation-input"/><input semantic="OUTPUT" source="#Neck-Matrix-animation-output-transform"/><input semantic="INTERPOLATION" source="#Neck-Interpolations"/></sampler><channel source="#Neck-Matrix-animation-transform" target="Neck/matrix"/></animation>
    <animation id="Head-anim" name="Head"><source id="Head-Matrix-animation-input"><float_array id="Head-Matrix-animation-input-array" count="40">

0.000000 0.033333 0.066667 0.100000 0.133333 0.166667 0.200000 0.233333 0.266667 0.300000 0.333333 0.366667 0.400000 0.433333 0.466667 0.500000
