<?xml version="1.0" encoding="utf-8"?>
<COLLADA xmlns="http://www.collada.org/2005/11/COLLADASchema" version="1.4.1">
  <asset><contributor><author>Mixamo</author><authoring_tool>COLLADA Mixamo exporter</authoring_tool><comments></comments></contributor><created>2018-10-22T12:42:56Z</created><modified>2018-10-22T12:42:56Z</modified><revision></revision><title></title><unit meter="0.010000"/><up_axis>Y_UP</up_axis></asset>
  <library_animations>
    <animation id="Hips-anim" name="Hips"><source id="Hips-Matrix-animation-input"><float_array id="Hips-Matrix-animation-input-array" count="23">

0.000000 0.033333 0.066667 0.100000 0.133333 0.166667 0.200000 0.233333 0.266667 0.300000 0.333333 0.366667 0.400000 0.433333 0.466667 0.500000
0.533333 0.566667 0.600000 0.633333 0.666667 0.700000 0.733333</float_array><technique_common><accessor source="#Hips-Matrix-animation-input-array" count="23"><param name="TIME" type="float"/></accessor></technique_common></source><source id="Hips-Matrix-animation-output-transform"><float_array id="Hips-Matrix-animation-output-transform-array" count="368">

0.921226 0.175613 -0.347136 0.000063 -0.154957 0.984115 0.086633 93.907585 0.356835 -0.026017 0.933805 -0.000038 0.000000 0.000000 0.000000 1.000000
0.880436 0.159388 -0.446574 1.492688 -0.146000 0.987180 0.064493 94.350655 0.451129 0.008418 0.892419 -1.149967 0.000000 0.000000 0.000000 1.000000
0.820182 0.138577 -0.555066 2.536544 -0.135930 0.989640 0.046218 94.724266 0.555720 0.037543 0.830521 -2.164887 0.000000 0.000000 0.000000 1.000000
0.754783 0.116173 -0.645606 2.635439 -0.122234 0.991863 0.035576 94.696060 0.644486 0.052063 0.762842 -2.805065 0.000000 0.000000 0.000000 1.000000
0.695000 0.090111 -0.713341 2.375813 -0.103037 0.994358 0.025222 93.981689 0.711589 0.055972 0.700363 -3.245224 0.000000 0.000000 0.000000 1.000000
0.648246 0.065690 -0.758592 1.765054 -0.084096 0.996353 0.014416 93.095627 0.756773 0.054449 0.651406 -3.459832 0.000000 0.000000 0.000000 1.000000
0.619918 0.048067 -0.783193 0.724833 -0.070969 0.997466 0.005043 92.414993 0.781451 0.052456 0.621758 -3.504757 0.000000 0.000000 0.000000 1.000000
0.584862 0.016899 -0.810957 -0.717839 -0.049605 0.998657 -0.014965 91.697403 0.809615 0.048980 0.584915 -3.387442 0.000000 0.000000 0.000000 1.000000
0.558988 -0.012964 -0.829075 -2.445307 -0.030537 0.998878 -0.036208 90.960136 0.828613 0.045557 0.557965 -3.141601 0.000000 0.000000 0.000000 1.000000
0.546544 -0.038486 -0.836546 -4.199149 -0.014602 0.998354 -0.055470 90.203720 0.837303 0.042532 0.545082 -2.754657 0.000000 0.000000 0.000000 1.000000
0.540723 -0.060439 -0.839027 -5.509478 0.000999 0.997461 -0.071209 89.351761 0.841200 0.037666 0.539411 -2.208613 0.000000 0.000000 0.000000 1.000000
0.537019 -0.076362 -0.840107 -5.976618 0.015316 0.996613 -0.080797 88.714691 0.843431 0.030522 0.536370 -1.512705 0.000000 0.000000 0.000000 1.000000
0.536182 -0.091763 -0.839100 -6.069303 0.028189 0.995466 -0.090850 88.143150 0.843631 0.025059 0.536338 -0.688048 0.000000 0.000000 0.000000 1.000000
0.546217 -0.115847 -0.829594 -5.887093 0.037968 0.992796 -0.113638 86.984322 0.836783 0.030573 0.546681 0.580234 0.000000 0.000000 0.000000 1.000000
0.559805 -0.142716 -0.816241 -5.685462 0.046930 0.988936 -0.140724 85.505539 0.827294 0.040472 0.560309 2.002389 0.000000 0.000000 0.000000 1.000000
0.575211 -0.169093 -0.800337 -5.233309 0.054084 0.984122 -0.169052 83.451233 0.816215 0.053955 0.575223 3.506514 0.000000 0.000000 0.000000 1.000000
0.583663 -0.181571 -0.791435 -4.577983 0.056010 0.981359 -0.183838 81.454285 0.810062 0.062971 0.582953 4.911499 0.000000 0.000000 0.000000 1.000000
0.577407 -0.166654 -0.799267 -4.029679 0.044826 0.983940 -0.172777 80.034966 0.815225 0.063935 0.575604 6.167836 0.000000 0.000000 0.000000 1.000000
0.567777 -0.143639 -0.810554 -3.687809 0.026145 0.987308 -0.156648 79.281517 0.822767 0.067749 0.564326 7.132200 0.000000 0.000000 0.000000 1.000000
0.564264 -0.127569 -0.815679 -3.662000 0.011114 0.989074 -0.146999 79.134796 0.825520 0.073881 0.559517 7.489225 0.000000 0.000000 0.000000 1.000000
0.568215 -0.123946 -0.813492 -3.760551 0.002835 0.988880 -0.148689 79.468872 0.822875 0.082181 0.562248 7.183284 0.000000 0.000000 0.000000 1.000000
0.573614 -0.122697 -0.809884 -3.883673 -0.004101 0.988275 -0.152628 79.895988 0.819115 0.090871 0.566385 6.747935 0.000000 0.000000 0.000000 1.000000
0.579310 -0.121894 -0.805941 -4.012254 -0.010723 0.987530 -0.157066 80.336670 0.815037 0.099632 0.570779 6.286079 0.000000 0.000000 0.000000 1.000000</float_array><technique_common><accessor source="#Hips-Matrix-animation-output-transform-array" count="23" stride="16"><param type="float4x4"/></accessor></technique_common></source><source id="Hips-Interpolations"><Name_array id="Hips-Interpolations-array" count="23">
 LINEAR LINEAR LINEAR LINEAR LINEAR LINEAR LINEAR LINEAR LINEAR LINEAR LINEAR
LINEAR LINEAR LINEAR LINEAR LINEAR LINEAR LINEAR LINEAR LINEAR LINEAR LINEAR LINEAR</Name_array><technique_common><accessor source="#Hips-Interpolations-array" count="23"><param type="name"/></accessor></technique_common></source><sampler id="Hips-Matrix-animation-transform"><input semantic="INPUT" source="#Hips-Matrix-animation-input"/><input semantic="OUTPUT" source="#Hips-Matrix-animation-output-transform"/><input semantic="INTERPOLATION" source="#Hips-Interpolations"/></sampler><channel source="#Hips-Matrix-animation-transform" target="Hips/matrix"/></animation>
    <animation id="Spine-anim" name="Spine"><source id="Spine-Matrix-animation-input"><float_array id="Spine-Matrix-animation-input-array" count="23">

0.000000 0.033333 0.066667 0.100000 0.133333 0.166667 0.200000 0.233333 0.266667 0.300000 0.333333 0.366667 0.400000 0.433333 0.466667 0.500000
0.533333 0.566667 0.600000 0.633333 0.666667 0.700000 0.733333</float_array><technique_common><accessor source="#Spine-Matrix-animation-input-array" count="23"><param name="TIME" type="float"/></accessor></technique_common></source><source id="Spine-Matrix-animation-output-transform"><float_array id="Spine-Matrix-animation-output-transform-array" count="368">

0.997038 0.052070 -0.056598 0.017300 -0.063464 0.972736 -0.223064 10.574800 0.043440 0.225996 0.973159 -1.117200 0.000000 0.000000 0.000000 1.000000
0.996421 0.048235 -0.069422 0.017300 -0.062386 0.973763 -0.218844 10.574800 0.057045 0.222392 0.973287 -1.117200 0.000000 0.000000 0.000000 1.000000
0.996330 0.038572 -0.076418 0.017300 -0.054177 0.975314 -0.214072 10.574800 0.066274 0.217427 0.973824 -1.117200 0.000000 0.000000 0.000000 1.000000
0.996321 0.028619 -0.080775 0.017300 -0.045538 0.975300 -0.216141 10.574800 0.072594 0.219025 0.973015 -1.117200 0.000000 0.000000 0.000000 1.000000
0.996397 0.019025 -0.082648 0.017300 -0.037129 0.974016 -0.223415 10.574800 0.076250 0.225678 0.971213 -1.117200 0.000000 0.000000 0.000000 1.000000
0.996605 0.011316 -0.081554 0.017300 -0.030212 0.971678 -0.234370 10.574800 0.076592 0.236038 0.968721 -1.117200 0.000000 0.000000 0.000000 1.000000
0.996988 0.006725 -0.077261 0.017300 -0.025643 0.968784 -0.246576 10.574800 0.073191 0.247814 0.966039 -1.117200 0.000000 0.000000 0.000000 1.000000
0.997293 0.002854 -0.073481 0.017300 -0.021781 0.965870 -0.258109 10.574800 0.070237 0.259011 0.963317 -1.117200 0.000000 0.000000 0.000000 1.000000
0.997039 -0.001065 -0.076895 0.017300 -0.019344 0.964279 -0.264180 10.574800 0.074430 0.264885 0.961403 -1.117200 0.000000 0.000000 0.000000 1.000000
0.995948 -0.004282 -0.089827 0.017300 -0.019925 0.963533 -0.266845 10.574800 0.087694 0.267554 0.959544 -1.117200 0.000000 0.000000 0.000000 1.000000
0.993962 -0.004109 -0.109645 0.017300 -0.026082 0.961807 -0.272482 10.574800 0.106577 0.273696 0.955893 -1.117200 0.000000 0.000000 0.000000 1.000000
0.990146 0.004457 -0.139967 0.017300 -0.045907 0.954593 -0.294355 10.574800 0.132300 0.297880 0.945391 -1.117200 0.000000 0.000000 0.000000 1.000000
0.985284 0.015799 -0.170196 0.017300 -0.069919 0.945856 -0.316967 10.574800 0.155973 0.324203 0.933041 -1.117200 0.000000 0.000000 0.000000 1.000000
0.983055 0.024386 -0.181681 0.017300 -0.081928 0.945063 -0.316454 10.574800 0.163983 0.325976 0.931047 -1.117200 0.000000 0.000000 0.000000 1.000000
0.984546 0.028825 -0.172737 0.017300 -0.078277 0.954780 -0.286824 10.574800 0.156658 0.295913 0.942281 -1.117200 0.000000 0.000000 0.000000 1.000000
0.987090 0.030608 -0.157218 0.017300 -0.070312 0.964741 -0.253636 10.574800 0.143911 0.261416 0.954438 -1.117200 0.000000 0.000000 0.000000 1.000000
0.989913 0.030474 -0.138357 0.017300 -0.061831 0.971605 -0.228386 10.574800 0.127468 0.234637 0.963689 -1.117200 0.000000 0.000000 0.000000 1.000000
0.993073 0.029989 -0.113605 0.017300 -0.055283 0.972429 -0.226553 10.574800 0.103679 0.231265 0.967351 -1.117200 0.000000 0.000000 0.000000 1.000000
0.996211 0.033642 -0.080201 0.017300 -0.050961 0.973060 -0.224847 10.574800 0.070476 0.228082 0.971088 -1.117200 0.000000 0.000000 0.000000 1.000000
0.998372 0.041324 -0.039314 0.017300 -0.048776 0.975856 -0.212900 10.574800 0.029567 0.214471 0.976283 -1.117200 0.000000 0.000000 0.000000 1.000000
0.999058 0.043289 -0.003008 0.017300 -0.043068 0.980730 -0.190562 10.574800 -0.005299 0.190512 0.981670 -1.117200 0.000000 0.000000 0.000000 1.000000
0.998627 0.045289 0.026337 0.017300 -0.040298 0.985259 -0.166256 10.574800 -0.033479 0.164966 0.985731 -1.117200 0.000000 0.000000 0.000000 1.000000
0.997408 0.051182 0.050579 0.017300 -0.043732 0.989360 -0.138763 10.574800 -0.057143 0.136191 0.989033 -1.117200 0.000000 0.000000 0.000000 1.000000</float_array><technique_common><accessor source="#Spine-Matrix-animation-output-transform-array" count="23" stride="16"><param type="float4x4"/></accessor></technique_common></source><source id="Spine-Interpolations"><Name_array id="Spine-Interpolations-array" count="23">
 LINEAR LINEAR LINEAR LINEAR LINEAR LINEAR LINEAR LINEAR LINEAR LINEAR LINEAR
LINEAR LINEAR LINEAR LINEAR LINEAR LINEAR LINEAR LINEAR LINEAR LINEAR LINEAR LINEAR</Name_array><technique_common><accessor source="#Spine-Interpolations-array" count="23"><param type="name"/></accessor></technique_common></source><sampler id="Spine-Matrix-animation-transform"><input semantic="INPUT" source="#Spine-Matrix-animation-input"/><input semantic="OUTPUT" source="#Spine-Matrix-animation-output-transform"/><input semantic="INTERPOLATION" source="#Spine-Interpolations"/></sampler><channel source="#Spine-Matrix-animation-transform" target="Spine/matrix"/></animation>
    <animation id="Spine1-anim" name="Spine1"><source id="Spine1-Matrix-animation-input"><float_array id="Spine1-Matrix-animation-input-array" count="23">

0.000000 0.033333 0.066667 0.100000 0.133333 0.166667 0.200000 0.233333 0.266667 0.300000 0.333333 0.366667 0.400000 0.433333 0.466667 0.500000
0.533333 0.566667 0.600000 0.633333 0.666667 0.700000 0.733333</float_array><technique_common><accessor source="#Spine1-Matrix-animation-input-array" count="23"><param name="TIME" type="float"/></accessor></technique_common></source><source id="Spine1-Matrix-animation-output-transform"><float_array id="Spine1-Matrix-animation-output-transform-array" count="368">

0.999283 0.036831 -0.008730 0.019000 -0.036836 0.999321 -0.000390 12.337300 0.008709 0.000711 0.999962 -1.303400 0.000000 0.000000 0.000000 1.000000
0.999326 0.034398 -0.012840 0.019000 -0.034407 0.999408 -0.000477 12.337300 0.012816 0.000919 0.999917 -1.303400 0.000000 0.000000 0.000000 1.000000
0.999353 0.032328 -0.015786 0.019000 -0.032333 0.999477 -0.000043 12.337300 0.015776 0.000554 0.999875 -1.303400 0.000000 0.000000 0.000000 1.000000
0.999387 0.030007 -0.018039 0.019000 -0.030010 0.999550 0.000106 12.337300 0.018035 0.000435 0.999837 -1.303400 0.000000 0.000000 0.000000 1.000000
0.999428 0.027738 -0.019328 0.019000 -0.027751 0.999615 -0.000382 12.337300 0.019310 0.000918 0.999813 -1.303400 0.000000 0.000000 0.000000 1.000000
0.999477 0.025732 -0.019562 0.019000 -0.025769 0.999667 -0.001658 12.337300 0.019513 0.002161 0.999807 -1.303400 0.000000 0.000000 0.000000 1.000000
0.999531 0.024498 -0.018385 0.019000 -0.024574 0.999690 -0.003922 12.337300 0.018284 0.004372 0.999823 -1.303400 0.000000 0.000000 0.000000 1.000000
0.999576 0.023740 -0.016878 0.019000 -0.023854 0.999694 -0.006566 12.337300 0.016717 0.006966 0.999836 -1.303400 0.000000 0.000000 0.000000 1.000000
0.999570 0.023690 -0.017255 0.019000 -0.023819 0.999690 -0.007309 12.337300 0.017076 0.007717 0.999824 -1.303400 0.000000 0.000000 0.000000 1.000000
0.999494 0.024271 -0.020558 0.019000 -0.024414 0.999679 -0.006748 12.337300 0.020388 0.007246 0.999766 -1.303400 0.000000 0.000000 0.000000 1.000000
0.999346 0.025348 -0.025788 0.019000 -0.025490 0.999662 -0.005191 12.337300 0.025648 0.005845 0.999654 -1.303400 0.000000 0.000000 0.000000 1.000000
0.999094 0.026902 -0.032975 0.019000 -0.027011 0.999631 -0.002863 12.337300 0.032886 0.003752 0.999452 -1.303400 0.000000 0.000000 0.000000 1.000000
0.998794 0.028526 -0.039953 0.019000 -0.028592 0.999591 -0.001090 12.337300 0.039906 0.002231 0.999201 -1.303400 0.000000 0.000000 0.000000 1.000000
0.998682 0.028506 -0.042690 0.019000 -0.028597 0.999590 -0.001537 12.337300 0.042628 0.002756 0.999087 -1.303400 0.000000 0.000000 0.000000 1.000000
0.998808 0.026593 -0.040939 0.019000 -0.026736 0.999638 -0.002933 12.337300 0.040846 0.004024 0.999157 -1.303400 0.000000 0.000000 0.000000 1.000000
0.999013 0.023478 -0.037698 0.019000 -0.023699 0.999704 -0.005422 12.337300 0.037559 0.006311 0.999274 -1.303400 0.000000 0.000000 0.000000 1.000000
0.999251 0.019025 -0.033706 0.019000 -0.019367 0.999764 -0.009872 12.337300 0.033511 0.010517 0.999383 -1.303400 0.000000 0.000000 0.000000 1.000000
0.999540 0.012242 -0.027735 0.019000 -0.012779 0.999733 -0.019264 12.337300 0.027492 0.019610 0.999430 -1.303400 0.000000 0.000000 0.000000 1.000000
0.999815 0.004142 -0.018760 0.019000 -0.004709 0.999531 -0.030272 12.337300 0.018626 0.030354 0.999366 -1.303400 0.000000 0.000000 0.000000 1.000000
0.999958 -0.005747 -0.007092 0.019000 0.005504 0.999416 -0.033734 12.337300 0.007281 0.033693 0.999406 -1.303400 0.000000 0.000000 0.000000 1.000000
0.999853 -0.016762 0.003594 0.019000 0.016864 0.999385 -0.030743 12.337300 -0.003077 0.030799 0.999521 -1.303400 0.000000 0.000000 0.000000 1.000000
0.999534 -0.027760 0.012706 0.019000 0.028092 0.999247 -0.026747 12.337300 -0.011954 0.027091 0.999561 -1.303400 0.000000 0.000000 0.000000 1.000000
0.999103 -0.036847 0.020880 0.019000 0.037323 0.999041 -0.022897 12.337300 -0.020017 0.023656 0.999520 -1.303400 0.000000 0.000000 0.000000 1.000000</float_array><technique_common><accessor source="#Spine1-Matrix-animation-output-transform-array" count="23" stride="16"><param type="float4x4"/></accessor></technique_common></source><source id="Spine1-Interpolations"><Name_array id="Spine1-Interpolations-array" count="23">
 LINEAR LINEAR LINEAR LINEAR LINEAR LINEAR LINEAR LINEAR LINEAR LINEAR LINEAR
LINEAR LINEAR LINEAR LINEAR LINEAR LINEAR LINEAR LINEAR LINEAR LINEAR LINEAR LINEAR</Name_array><technique_common><accessor source="#Spine1-Interpolations-array" count="23"><param type="name"/></accessor></technique_common></source><sampler id="Spine1-Matrix-animation-transform"><input semantic="INPUT" source="#Spine1-Matrix-animation-input"/><input semantic="OUTPUT" source="#Spine1-Matrix-animation-output-transform"/><input semantic="INTERPOLATION" source="#Spine1-Interpolations"/></sampler><channel source="#Spine1-Matrix-animation-transform" target="Spine1/matrix"/></animation>
    <animation id="Spine2-anim" name="Spine2"><source id="Spine2-Matrix-animation-input"><float_array id="Spine2-Matrix-animation-input-array" count="23">

0.000000 0.033333 0.066667 0.100000 0.133333 0.166667 0.200000 0.233333 0.266667 0.300000 0.333333 0.366667 0.400000 0.433333 0.466667 0.500000
0.533333 0.566667 0.600000 0.633333 0.666667 0.700000 0.733333</float_array><technique_common><accessor source="#Spine2-Matrix-animation-input-array" count="23"><param name="TIME" type="float"/></accessor></technique_common></source><source id="Spine2-Matrix-animation-output-transform"><float_array id="Spine2-Matrix-animation-output-transform-array" count="368">

0.999289 0.036947 -0.007529 0.021700 -0.036952 0.999317 -0.000470 14.099800 0.007507 0.000748 0.999972 -1.489600 0.000000 0.000000 0.000000 1.000000
0.999337 0.034451 -0.011737 0.021700 -0.034461 0.999406 -0.000650 14.099800 0.011707 0.001054 0.999931 -1.489600 0.000000 0.000000 0.000000 1.000000
0.999368 0.032342 -0.014762 0.021700 -0.032349 0.999477 -0.000272 14.099800 0.014745 0.000749 0.999891 -1.489600 0.000000 0.000000 0.000000 1.000000
0.999404 0.029986 -0.017078 0.021700 -0.029993 0.999550 -0.000159 14.099800 0.017066 0.000671 0.999854 -1.489600 0.000000 0.000000 0.000000 1.000000
0.999447 0.027687 -0.018411 0.021700 -0.027704 0.999616 -0.000657 14.099800 0.018385 0.001167 0.999830 -1.489600 0.000000 0.000000 0.000000 1.000000
0.999496 0.025659 -0.018671 0.021700 -0.025700 0.999668 -0.001925 14.099800 0.018615 0.002404 0.999824 -1.489600 0.000000 0.000000 0.000000 1.000000
0.999549 0.024419 -0.017498 0.021700 -0.024495 0.999691 -0.004153 14.099800 0.017392 0.004580 0.999838 -1.489600 0.000000 0.000000 0.000000 1.000000
0.999593 0.023639 -0.015985 0.021700 -0.023749 0.999695 -0.006758 14.099800 0.015820 0.007134 0.999849 -1.489600 0.000000 0.000000 0.000000 1.000000
0.999591 0.023412 -0.016404 0.021700 -0.023537 0.999695 -0.007499 14.099800 0.016223 0.007882 0.999837 -1.489600 0.000000 0.000000 0.000000 1.000000
0.999524 0.023685 -0.019770 0.021700 -0.023827 0.999692 -0.007001 14.099800 0.019598 0.007469 0.999780 -1.489600 0.000000 0.000000 0.000000 1.000000
0.999389 0.024368 -0.025070 0.021700 -0.024515 0.999684 -0.005558 14.099800 0.024927 0.006169 0.999670 -1.489600 0.000000 0.000000 0.000000 1.000000
0.999154 0.025438 -0.032301 0.021700 -0.025561 0.999667 -0.003403 14.099800 0.032204 0.004226 0.999472 -1.489600 0.000000 0.000000 0.000000 1.000000
0.998873 0.026614 -0.039304 0.021700 -0.026706 0.999642 -0.001796 14.099800 0.039242 0.002844 0.999226 -1.489600 0.000000 0.000000 0.000000 1.000000
0.998766 0.026394 -0.042074 0.021700 -0.026513 0.999646 -0.002289 14.099800 0.041999 0.003402 0.999112 -1.489600 0.000000 0.000000 0.000000 1.000000
0.998883 0.024481 -0.040414 0.021700 -0.024646 0.999690 -0.003591 14.099800 0.040313 0.004583 0.999177 -1.489600 0.000000 0.000000 0.000000 1.000000
0.999075 0.021438 -0.037266 0.021700 -0.021675 0.999747 -0.005949 14.099800 0.037129 0.006751 0.999288 -1.489600 0.000000 0.000000 0.000000 1.000000
0.999294 0.017233 -0.033378 0.021700 -0.017582 0.999793 -0.010200 14.099800 0.033196 0.010780 0.999391 -1.489600 0.000000 0.000000 0.000000 1.000000
0.999557 0.011344 -0.027506 0.021700 -0.011871 0.999748 -0.019055 14.099800 0.027283 0.019373 0.999440 -1.489600 0.000000 0.000000 0.000000 1.000000
0.999809 0.005660 -0.018732 0.021700 -0.006191 0.999577 -0.028403 14.099800 0.018564 0.028514 0.999421 -1.489600 0.000000 0.000000 0.000000 1.000000
0.999972 -0.000143 -0.007530 0.021700 -0.000074 0.999586 -0.028782 14.099800 0.007531 0.028782 0.999557 -1.489600 0.000000 0.000000 0.000000 1.000000
0.999976 -0.006370 0.002597 0.021700 0.006425 0.999736 -0.022080 14.099800 -0.002456 0.022096 0.999753 -1.489600 0.000000 0.000000 0.000000 1.000000
0.999861 -0.012350 0.011167 0.021700 0.012509 0.999820 -0.014266 14.099800 -0.010989 0.014403 0.999836 -1.489600 0.000000 0.000000 0.000000 1.000000
0.999682 -0.016680 0.018922 0.021700 0.016813 0.999835 -0.006930 14.099800 -0.018803 0.007246 0.999797 -1.489600 0.000000 0.000000 0.000000 1.000000</float_array><technique_common><accessor source="#Spine2-Matrix-animation-output-transform-array" count="23" stride="16"><param type="float4x4"/></accessor></technique_common></source><source id="Spine2-Interpolations"><Name_array id="Spine2-Interpolations-array" count="23">
 LINEAR LINEAR LINEAR LINEAR LINEAR LINEAR LINEAR LINEAR LINEAR LINEAR LINEAR
LINEAR LINEAR LINEAR LINEAR LINEAR LINEAR LINEAR LINEAR LINEAR LINEAR LINEAR LINEAR</Name_array><technique_common><accessor source="#Spine2-Interpolations-array" count="23"><param type="name"/></accessor></technique_common></source><sampler id="Spine2-Matrix-animation-transform"><input semantic="INPUT" source="#Spine2-Matrix-animation-input"/><input semantic="OUTPUT" source="#Spine2-Matrix-animation-output-transform"/><input semantic="INTERPOLATION" source="#Spine2-Interpolations"/></sampler><channel source="#Spine2-Matrix-animation-transform" target="Spine2/matrix"/></animation>
    <animation id="Neck-anim" name="Neck"><source id="Neck-Matrix-animation-input"><float_array id="Neck-Matrix-animation-input-array" count="23">

0.000000 0.033333 0.066667 0.100000 0.133333 0.166667 0.200000 0.233333 0.266667 0.300000 0.333333 0.366667 0.400000 0.433333 0.466667 0.500000
0.533333 0.566667 0.600000 0.633333 0.666667 0.700000 0.733333</float_array><technique_common><accessor source="#Neck-Matrix-animation-input-array" count="23"><param name="TIME" type="float"/></accessor></technique_common></source><source id="Neck-Matrix-animation-output-transform"><float_array id="Neck-Matrix-animation-output-transform-array" count="368">

0.985084 -0.156406 0.071741 0.024400 0.168502 0.961311 -0.217918 15.862300 -0.034881 0.226756 0.973327 -1.675800 0.000000 0.000000 0.000000 1.000000
0.983534 -0.153872 0.094784 0.024400 0.169773 0.966453 -0.192733 15.862300 -0.061948 0.205651 0.976663 -1.675800 0.000000 0.000000 0.000000 1.000000
0.983890 -0.132010 0.120560 0.024400 0.150930 0.974781 -0.164383 15.862300 -0.095820 0.179931 0.979001 -1.675800 0.000000 0.000000 0.000000 1.000000
0.986865 -0.076289 0.142402 0.024400 0.095090 0.986908 -0.130271 15.862300 -0.130599 0.142101 0.981199 -1.675800 0.000000 0.000000 0.000000 1.000000
0.985866 -0.042670 0.162011 0.024400 0.058705 0.993695 -0.095516 15.862300 -0.156914 0.103677 0.982155 -1.675800 0.000000 0.000000 0.000000 1.000000
0.982648 -0.040485 0.181006 0.024400 0.053082 0.996453 -0.065300 15.862300 -0.177720 0.073775 0.981312 -1.675800 0.000000 0.000000 0.000000 1.000000
0.978977 -0.057065 0.195824 0.024400 0.064066 0.997507 -0.029596 15.862300 -0.193647 0.041519 0.980192 -1.675800 0.000000 0.000000 0.000000 1.000000
0.974417 -0.078230 0.210693 0.024400 0.077399 0.996926 0.012200 15.862300 -0.210999 0.004420 0.977476 -1.675800 0.000000 0.000000 0.000000 1.000000
0.968128 -0.095208 0.231655 0.024400 0.087302 0.995202 0.044168 15.862300 -0.234749 -0.022536 0.971795 -1.675800 0.000000 0.000000 0.000000 1.000000
0.958938 -0.102161 0.264578 0.024400 0.093144 0.994569 0.046437 15.862300 -0.267885 -0.019886 0.963246 -1.675800 0.000000 0.000000 0.000000 1.000000
0.949744 -0.100639 0.296409 0.024400 0.095965 0.994923 0.030316 15.862300 -0.297955 -0.000348 0.954580 -1.675800 0.000000 0.000000 0.000000 1.000000
0.947229 -0.091657 0.307174 0.024400 0.095941 0.995386 0.001159 15.862300 -0.305863 0.028373 0.951653 -1.675800 0.000000 0.000000 0.000000 1.000000
0.948843 -0.084256 0.304299 0.024400 0.098258 0.994679 -0.030968 15.862300 -0.300071 0.059284 0.952073 -1.675800 0.000000 0.000000 0.000000 1.000000
0.960900 -0.080713 0.264872 0.024400 0.099288 0.993397 -0.057484 15.862300 -0.258483 0.081535 0.962569 -1.675800 0.000000 0.000000 0.000000 1.000000
0.976868 -0.074281 0.200529 0.024400 0.089619 0.993616 -0.068518 15.862300 -0.194159 0.084904 0.977289 -1.675800 0.000000 0.000000 0.000000 1.000000
0.988514 -0.069078 0.134419 0.024400 0.080171 0.993650 -0.078941 15.862300 -0.128113 0.088811 0.987775 -1.675800 0.000000 0.000000 0.000000 1.000000
0.993240 -0.065059 0.096135 0.024400 0.072819 0.994168 -0.079551 15.862300 -0.090399 0.086013 0.992184 -1.675800 0.000000 0.000000 0.000000 1.000000
0.996162 -0.063582 0.060157 0.024400 0.067890 0.995054 -0.072511 15.862300 -0.055249 0.076317 0.995552 -1.675800 0.000000 0.000000 0.000000 1.000000
0.997546 -0.061206 0.033988 0.024400 0.063389 0.995714 -0.067347 15.862300 -0.029721 0.069336 0.997151 -1.675800 0.000000 0.000000 0.000000 1.000000
0.997984 -0.057162 0.027578 0.024400 0.058826 0.996224 -0.063860 15.862300 -0.023824 0.065353 0.997578 -1.675800 0.000000 0.000000 0.000000 1.000000
0.998237 -0.047182 0.036004 0.024400 0.049107 0.997300 -0.054595 15.862300 -0.033331 0.056267 0.997859 -1.675800 0.000000 0.000000 0.000000 1.000000
0.997611 -0.029787 0.062332 0.024400 0.031922 0.998927 -0.033546 15.862300 -0.061266 0.035456 0.997492 -1.675800 0.000000 0.000000 0.000000 1.000000
0.990753 0.007179 0.135488 0.024400 -0.009011 0.999876 0.012916 15.862300 -0.135379 -0.014017 0.990695 -1.675800 0.000000 0.000000 0.000000 1.000000</float_array><technique_common><accessor source="#Neck-Matrix-animation-output-transform-array" count="23" stride="16"><param type="float4x4"/></accessor></technique_common></source><source id="Neck-Interpolations"><Name_array id="Neck-Interpolations-array" count="23">
 LINEAR LINEAR LINEAR LINEAR LINEAR LINEAR LINEAR LINEAR LINEAR LINEAR LINEAR
LINEAR LINEAR LINEAR LINEAR LINEAR LINEAR LINEAR LINEAR LINEAR LINEAR LINEAR LINEAR</Name_array><technique_common><accessor source="#Neck-Interpolations-array" count="23"><param type="name"/></accessor></technique_common></source><sampler id="Neck-Matrix-animation-transform"><input semantic="INPUT" source="#Neck-Matrix-animation-input"/><input semantic="OUTPUT" source="#Neck-Matrix-animation-output-transform"/><input semantic="INTERPOLATION" source="#Neck-Interpolations"/></sampler><channel source="#Neck-Matrix-animation-transform" target="Neck/matrix"/></animation>
    <animation id="Head-anim" name="Head"><source id="Head-Matrix-animation-input"><float_array id="Head-Matrix-animation-input-array" count="23">

0.000000 0.033333 0.066667 0.100000 0.133333 0.166667 0.200000 0.233333 0.266667 0.300000 0.333333 0.366667 0.400000 0.433333 0.466667 0.500000
0.533333 0.566667 0.600000 0.633333 0.666667 0.700000 0.733333</float_array><technique_common><accessor source="#Head-Matrix-animation-input-array" count="23"><param name="TIME" type="float"/></accessor></technique_common></source><source id="Head-Matrix-animation-output-transform"><float_array id="Head-Matrix-animation-output-transform-array" count="368">

0.960700 -0.099856 0.259008 0.000000 0.056740 0.983997 0.168908 5.564000 -0.271729 -0.147574 0.950992 0.988100 0.000000 0.000000 0.000000 1.000000
0.932148 -0.088508 0.351092 0.000000 0.023597 0.982451 0.185021 5.564000 -0.361307 -0.164182 0.917879 0.988100 0.000000 0.000000 0.000000 1.000000
0.893130 -0.091136 0.440469 -0.000000 -0.000783 0.978942 0.204136 5.564000 -0.449798 -0.182665 0.874251 0.988100 0.000000 0.000000 0.000000 1.000000
0.855517 -0.104776 0.507063 0.000000 -0.013221 0.974572 0.223685 5.564000 -0.517606 -0.198070 0.832377 0.988100 0.000000 0.000000 0.000000 1.000000
0.826817 -0.084833 0.556037 0.000000 -0.045201 0.975343 0.216018 5.564000 -0.560652 -0.203741 0.802595 0.988100 0.000000 0.000000 0.000000 1.000000
0.810029 -0.037592 0.585183 -0.000000 -0.092953 0.977093 0.191437 5.564000 -0.578975 -0.209465 0.787980 0.988100 0.000000 0.000000 0.000000 1.000000
0.797746 0.014454 0.602821 0.000000 -0.140180 0.976769 0.162087 5.564000 -0.586474 -0.213808 0.781239 0.988100 0.000000 0.000000 0.000000 1.000000
0.788919 0.059269 0.611632 0.000000 -0.177988 0.974711 0.135128 5.564000 -0.588155 -0.215468 0.779517 0.988100 0.000000 0.000000 0.000000 1.000000
0.784044 0.088883 0.614309 0.000000 -0.210041 0.969300 0.127829 5.564000 -0.584088 -0.229254 0.778643 0.988100 0.000000 0.000000 0.000000 1.000000
0.784368 0.095389 0.612918 -0.000000 -0.241681 0.957016 0.160345 5.564000 -0.571277 -0.273900 0.773706 0.988100 0.000000 0.000000 0.000000 1.000000
0.781019 0.090453 0.617921 0.000000 -0.273850 0.938856 0.208699 5.564000 -0.561262 -0.332216 0.758035 0.988100 0.000000 0.000000 0.000000 1.000000
0.761852 0.070748 0.643876 0.000000 -0.300888 0.918921 0.255050 5.564000 -0.573627 -0.388045 0.721369 0.988100 0.000000 0.000000 0.000000 1.000000
0.735021 0.051918 0.676054 0.000000 -0.326793 0.900744 0.286124 5.564000 -0.594097 -0.431236 0.679032 0.988100 0.000000 0.000000 0.000000 1.000000
0.709543 0.042356 0.703388 -0.000000 -0.329547 0.902252 0.278099 5.564000 -0.622854 -0.429123 0.654146 0.988100 0.000000 0.000000 0.000000 1.000000
0.694516 0.044701 0.718088 -0.000000 -0.320637 0.912707 0.253296 5.564000 -0.644081 -0.406163 0.648222 0.988100 0.000000 0.000000 0.000000 1.000000
0.691087 0.054764 0.720694 -0.000000 -0.311814 0.922151 0.228933 5.564000 -0.652051 -0.382935 0.654363 0.988100 0.000000 0.000000 0.000000 1.000000
0.694836 0.065168 0.716210 0.000000 -0.310086 0.925705 0.216602 5.564000 -0.648884 -0.372589 0.663421 0.988100 0.000000 0.000000 0.000000 1.000000
0.703290 0.076201 0.706807 0.000000 -0.310362 0.927396 0.208835 5.564000 -0.639577 -0.366238 0.675878 0.988100 0.000000 0.000000 0.000000 1.000000
0.721686 0.085450 0.686927 0.000000 -0.301861 0.931876 0.201215 5.564000 -0.622937 -0.352570 0.698315 0.988100 0.000000 0.000000 0.000000 1.000000
0.756676 0.089512 0.647634 0.000000 -0.274326 0.942634 0.190229 5.564000 -0.593454 -0.321605 0.737823 0.988100 0.000000 0.000000 0.000000 1.000000
0.798761 0.089381 0.594972 0.000000 -0.235965 0.956213 0.173139 5.564000 -0.553444 -0.278689 0.784877 0.988100 0.000000 0.000000 0.000000 1.000000
0.843370 0.087704 0.530128 0.000000 -0.191744 0.970758 0.144440 5.564000 -0.501958 -0.223465 0.835525 0.988100 0.000000 0.000000 0.000000 1.000000
0.893711 0.082031 0.441080 0.000000 -0.134816 0.986808 0.089638 5.564000 -0.427908 -0.139575 0.892980 0.988100 0.000000 0.000000 0.000000 1.000000</float_array><technique_common><accessor source="#Head-Matrix-animation-output-transform-array" count="23" stride="16"><param type="float4x4"/></accessor></technique_common></source><source id="Head-Interpolations"><Name_array id="Head-Interpolations-array" count="23">
 LINEAR LINEAR LINEAR LINEAR LINEAR LINEAR LINEAR LINEAR LINEAR LINEAR LINEAR
LINEAR LINEAR LINEAR LINEAR LINEAR LINEAR LINEAR LINEAR LINEAR LINEAR LINEAR LINEAR</Name_array><technique_common><accessor source="#Head-Interpolations-array" count="23"><param type="name"/></accessor></technique_common></source><sampler id="Head-Matrix-animation-transform"><input semantic="INPUT" source="#Head-Matrix-animation-input"/><input semantic="OUTPUT" source="#Head-Matrix-animation-output-transform"/><input semantic="INTERPOLATION" source="#Head-Interpolations"/></sampler><channel source="#Head-Matrix-animation-transform" target="Head/matrix"/></animation>
    <animation id="LeftShoulder-anim" name="LeftShoulder"><source id="LeftShoulder-Matrix-animation-input"><float_array id="LeftShoulder-Matrix-animation-input-array" count="23">

0.000000 0.033333 0.066667 0.100000 0.133333 0.166667 0.200000 0.233333 0.266667 0.300000 0.333333 0.366667 0.400000 0.433333 0.466667 0.500000
0.533333 0.566667 0.600000 0.633333 0.666667 0.700000 0.733333</float_array><technique_common><accessor source="#LeftShoulder-Matrix-animation-input-array" count="23"><param name="TIME" type="float"/></accessor></technique_common></source><source id="LeftShoulder-Matrix-animation-output-transform"><float_array id="LeftShoulder-Matrix-animation-output-transform-array" count="368">

0.878375 0.221965 -0.423307 5.935000 -0.243029 0.970009 0.004340 13.670200 0.411575 0.099064 0.905976 -1.662600 0.000000 0.000000 0.000000 1.000000
0.883901 0.219274 -0.413083 5.935000 -0.239376 0.970922 0.003179 13.670200 0.401769 0.096072 0.910688 -1.662600 0.000000 0.000000 0.000000 1.000000
0.887161 0.220672 -0.405276 5.935000 -0.240097 0.970744 0.002989 13.670200 0.394079 0.094654 0.914190 -1.662600 0.000000 0.000000 0.000000 1.000000
0.890447 0.212636 -0.402356 5.935000 -0.231702 0.972786 0.001322 13.670200 0.391688 0.092050 0.915482 -1.662600 0.000000 0.000000 0.000000 1.000000
0.900273 0.191470 -0.390958 5.935000 -0.209672 0.977764 -0.003964 13.670200 0.381506 0.085542 0.920400 -1.662600 0.000000 0.000000 0.000000 1.000000
0.911377 0.164290 -0.377360 5.935000 -0.181480 0.983342 -0.010185 13.670200 0.369401 0.077766 0.926011 -1.662600 0.000000 0.000000 0.000000 1.000000
0.921891 0.133049 -0.363889 5.935000 -0.149253 0.988659 -0.016641 13.670200 0.357548 0.069653 0.931294 -1.662600 0.000000 0.000000 0.000000 1.000000
0.930767 0.100280 -0.351592 5.935000 -0.115528 0.993047 -0.022603 13.670200 0.346881 0.061656 0.935880 -1.662600 0.000000 0.000000 0.000000 1.000000
0.937259 0.067500 -0.342038 5.935000 -0.081975 0.996240 -0.028023 13.670200 0.338861 0.054304 0.939268 -1.662600 0.000000 0.000000 0.000000 1.000000
0.939675 0.040005 -0.339722 5.935000 -0.053912 0.998046 -0.031594 13.670200 0.337794 0.048004 0.939995 -1.662600 0.000000 0.000000 0.000000 1.000000
0.939121 0.013993 -0.343301 5.935000 -0.027482 0.999028 -0.034457 13.670200 0.342486 0.041794 0.938593 -1.662600 0.000000 0.000000 0.000000 1.000000
0.940457 -0.009954 -0.339766 5.935000 -0.003271 0.999260 -0.038328 13.670200 0.339896 0.037157 0.939729 -1.662600 0.000000 0.000000 0.000000 1.000000
0.953322 -0.016084 -0.301528 5.935000 0.003260 0.999070 -0.042985 13.670200 0.301939 0.039996 0.952488 -1.662600 0.000000 0.000000 0.000000 1.000000
0.973043 0.004429 -0.230582 5.935000 -0.016083 0.998685 -0.048687 13.670200 0.230063 0.051083 0.971834 -1.662600 0.000000 0.000000 0.000000 1.000000
0.986207 0.042263 -0.160029 5.935000 -0.052193 0.996930 -0.058364 13.670200 0.157071 0.065911 0.985385 -1.662600 0.000000 0.000000 0.000000 1.000000
0.990445 0.083776 -0.109547 5.935000 -0.091970 0.993155 -0.072007 13.670200 0.102765 0.081394 0.991370 -1.662600 0.000000 0.000000 0.000000 1.000000
0.990010 0.120645 -0.072971 5.935000 -0.126821 0.988109 -0.086935 13.670200 0.061615 0.095320 0.993538 -1.662600 0.000000 0.000000 0.000000 1.000000
0.987617 0.148983 -0.049166 5.935000 -0.153247 0.983219 -0.098970 13.670200 0.033596 0.105279 0.993875 -1.662600 0.000000 0.000000 0.000000 1.000000
0.988446 0.145219 -0.043417 5.935000 -0.148698 0.984581 -0.092133 13.670200 0.029368 0.097524 0.994800 -1.662600 0.000000 0.000000 0.000000 1.000000
0.990124 0.132212 -0.046629 5.935000 -0.135124 0.988622 -0.066086 13.670200 0.037361 0.071734 0.996724 -1.662600 0.000000 0.000000 0.000000 1.000000
0.989982 0.118839 -0.076238 5.935000 -0.121658 0.992008 -0.033452 13.670200 0.071653 0.042392 0.996528 -1.662600 0.000000 0.000000 0.000000 1.000000
0.987926 0.102838 -0.115871 5.935000 -0.103468 0.994633 0.000582 13.670200 0.115309 0.011414 0.993264 -1.662600 0.000000 0.000000 0.000000 1.000000
0.984763 0.080769 -0.154009 5.935000 -0.077026 0.996574 0.030132 13.670200 0.155915 -0.017811 0.987610 -1.662600 0.000000 0.000000 0.000000 1.000000</float_array><technique_common><accessor source="#LeftShoulder-Matrix-animation-output-transform-array" count="23" stride="16"><param type="float4x4"/></accessor></technique_common></source><source id="LeftShoulder-Interpolations"><Name_array id="LeftShoulder-Interpolations-array" count="23">
 LINEAR LINEAR LINEAR LINEAR LINEAR LINEAR LINEAR LINEAR LINEAR LINEAR LINEAR
LINEAR LINEAR LINEAR LINEAR LINEAR LINEAR LINEAR LINEAR LINEAR LINEAR LINEAR LINEAR</Name_array><technique_common><accessor source="#LeftShoulder-Interpolations-array" count="23"><param type="name"/></accessor></technique_common></source><sampler id="LeftShoulder-Matrix-animation-transform"><input semantic="INPUT" source="#LeftShoulder-Matrix-animation-input"/><input semantic="OUTPUT" source="#LeftShoulder-Matrix-animation-output-transform"/><input semantic="INTERPOLATION" source="#LeftShoulder-Interpolations"/></sampler><channel source="#LeftShoulder-Matrix-animation-transform" target="LeftShoulder/matrix"/></animation>
    <animation id="LeftArm-anim" name="LeftArm"><source id="LeftArm-Matrix-animation-input"><float_array id="LeftArm-Matrix-animation-input-array" count="23">

0.000000 0.033333 0.066667 0.100000 0.133333 0.166667 0.200000 0.233333 0.266667 0.300000 0.333333 0.366667 0.400000 0.433333 0.466667 0.500000
0.533333 0.566667 0.600000 0.633333 0.666667 0.700000 0.733333</float_array><technique_common><accessor source="#LeftArm-Matrix-animation-input-array" count="23"><param name="TIME" type="float"/></accessor></technique_common></source><source id="LeftArm-Matrix-animation-output-transform"><float_array id="LeftArm-Matrix-animation-output-transform-array" count="368">

0.887800 0.320351 -0.330435 12.499400 -0.300169 0.947299 0.111909 -1.650000 0.348871 -0.000166 0.937171 0.026500 0.000000 0.000000 0.000000 1.000000
0.891658 0.288476 -0.348895 12.499400 -0.264412 0.957423 0.115875 -1.650000 0.367468 -0.011069 0.929970 0.026500 0.000000 0.000000 0.000000 1.000000
0.914544 0.221756 -0.338281 12.499400 -0.200516 0.974879 0.096974 -1.650000 0.351287 -0.020856 0.936035 0.026500 0.000000 0.000000 0.000000 1.000000
0.939991 0.168396 -0.296749 12.499400 -0.150795 0.985207 0.081414 -1.650000 0.306069 -0.031780 0.951479 0.026500 0.000000 0.000000 0.000000 1.000000
0.950889 0.142929 -0.274556 12.499400 -0.123944 0.988608 0.085389 -1.650000 0.283633 -0.047166 0.957772 0.026500 0.000000 0.000000 0.000000 1.000000
0.956412 0.128303 -0.262324 12.499400 -0.105233 0.989383 0.100237 -1.650000 0.272400 -0.068263 0.959760 0.026500 0.000000 0.000000 0.000000 1.000000
0.958284 0.116693 -0.260910 12.499400 -0.087169 0.988691 0.122035 -1.650000 0.272200 -0.094201 0.957619 0.026500 0.000000 0.000000 0.000000 1.000000
0.958691 0.106269 -0.263854 12.499400 -0.068669 0.986621 0.147866 -1.650000 0.276037 -0.123640 0.953161 0.026500 0.000000 0.000000 0.000000 1.000000
0.959433 0.100206 -0.263528 12.499400 -0.053174 0.982246 0.179904 -1.650000 0.276877 -0.158593 0.947728 0.026500 0.000000 0.000000 0.000000 1.000000
0.962284 0.113887 -0.247063 12.499400 -0.052552 0.968870 0.241929 -1.650000 0.266924 -0.219820 0.938313 0.026500 0.000000 0.000000 0.000000 1.000000
0.968315 0.144503 -0.203678 12.499400 -0.071231 0.941522 0.329337 -1.650000 0.239357 -0.304394 0.921983 0.026500 0.000000 0.000000 0.000000 1.000000
0.972918 0.180381 -0.144548 12.499400 -0.104624 0.901254 0.420469 -1.650000 0.206119 -0.393959 0.895718 0.026500 0.000000 0.000000 0.000000 1.000000
0.963996 0.235324 -0.123836 12.499400 -0.140944 0.847058 0.512472 -1.650000 0.225493 -0.476567 0.849727 0.026500 0.000000 0.000000 0.000000 1.000000
0.928088 0.326382 -0.179243 12.499400 -0.164926 0.791884 0.587978 -1.650000 0.333846 -0.516134 0.788767 0.026500 0.000000 0.000000 0.000000 1.000000
0.858895 0.430065 -0.278108 12.499400 -0.172650 0.754366 0.633344 -1.650000 0.482174 -0.495960 0.722172 0.026500 0.000000 0.000000 0.000000 1.000000
0.778644 0.511882 -0.362892 12.499400 -0.175031 0.732580 0.657792 -1.650000 0.602560 -0.448669 0.660014 0.026500 0.000000 0.000000 0.000000 1.000000
0.716208 0.576022 -0.394012 12.499400 -0.208685 0.715512 0.666703 -1.650000 0.665956 -0.395274 0.632662 0.026500 0.000000 0.000000 0.000000 1.000000
0.692032 0.621463 -0.367254 12.499400 -0.281395 0.700753 0.655562 -1.650000 0.664762 -0.350326 0.659820 0.026500 0.000000 0.000000 0.000000 1.000000
0.674029 0.666759 -0.317991 12.499400 -0.391060 0.687271 0.612152 -1.650000 0.626704 -0.288255 0.723983 0.026500 0.000000 0.000000 0.000000 1.000000
0.639780 0.719526 -0.270116 12.499400 -0.514809 0.662170 0.544520 -1.650000 0.570659 -0.209315 0.794062 0.026500 0.000000 0.000000 0.000000 1.000000
0.628232 0.746237 -0.220126 12.499400 -0.619537 0.650963 0.438657 -1.650000 0.470636 -0.139202 0.871278 0.026500 0.000000 0.000000 0.000000 1.000000
0.635190 0.743215 -0.210157 12.499400 -0.681932 0.667419 0.299200 -1.650000 0.362633 -0.046736 0.930759 0.026500 0.000000 0.000000 0.000000 1.000000
