<?xml version="1.0" encoding="utf-8"?>
<COLLADA xmlns="http://www.collada.org/2005/11/COLLADASchema" version="1.4.1">
  <asset><contributor><author>Mixamo</author><authoring_tool>COLLADA Mixamo exporter</authoring_tool><comments></comments></contributor><created>2018-10-25T18:29:28Z</created><modified>2018-10-25T18:29:28Z</modified><revision></revision><title></title><unit meter="0.010000"/><up_axis>Y_UP</up_axis></asset>
  <library_animations>
    <animation id="Hips-anim" name="Hips"><source id="Hips-Matrix-animation-input"><float_array id="Hips-Matrix-animation-input-array" count="86">

0.000000 0.033333 0.066667 0.100000 0.133333 0.166667 0.200000 0.233333 0.266667 0.300000 0.333333 0.366667 0.400000 0.433333 0.466667 0.500000
0.533333 0.566667 0.600000 0.633333 0.666667 0.700000 0.733333 0.766667 0.800000 0.833333 0.866667 0.900000 0.933333 0.966667 1.000000 1.033333
1.066667 1.100000 1.133333 1.166667 1.200000 1.233333 1.266667 1.300000 1.333333 1.366667 1.400000 1.433333 1.466667 1.500000 1.533333 1.566667
1.600000 1.633333 1.666667 1.700000 1.733333 1.766667 1.800000 1.833333 1.866667 1.900000 1.933333 1.966667 2.000000 2.033333 2.066667 2.100000
2.133333 2.166667 2.200000 2.233333 2.266667 2.300000 2.333333 2.366667 2.400000 2.433333 2.466667 2.500000 2.533333 2.566667 2.600000 2.633333
2.666667 2.700000 2.733333 2.766667 2.800000 2.833333</float_array><technique_common><accessor source="#Hips-Matrix-animation-input-array" count="86"><param name="TIME" type="float"/></accessor></technique_common></source><source id="Hips-Matrix-animation-output-transform"><float_array id="Hips-Matrix-animation-output-transform-array" count="1376">

0.636880 -0.127994 -0.760264 -0.477322 0.041849 0.990408 -0.131683 80.566521 0.769826 0.052050 0.636127 0.527434 0.000000 0.000000 0.000000 1.000000
0.633980 -0.126359 -0.762957 -0.149092 0.035884 0.990305 -0.134194 80.060585 0.772516 0.057699 0.632368 0.090882 0.000000 0.000000 0.000000 1.000000
0.635586 -0.122552 -0.762241 0.637015 0.032636 0.990703 -0.132071 79.417931 0.771340 0.059066 0.633676 -0.835690 0.000000 0.000000 0.000000 1.000000
0.645798 -0.114980 -0.754801 1.854104 0.032185 0.991816 -0.123548 78.774918 0.762829 0.055494 0.644214 -2.084541 0.000000 0.000000 0.000000 1.000000
0.664576 -0.116441 -0.738092 3.313409 0.036088 0.991633 -0.123945 78.160332 0.746348 0.055734 0.663218 -3.373683 0.000000 0.000000 0.000000 1.000000
0.678895 -0.126550 -0.723248 4.751724 0.046627 0.990477 -0.129540 77.483177 0.732754 0.054222 0.678330 -4.618659 0.000000 0.000000 0.000000 1.000000
0.681543 -0.135259 -0.719169 5.772723 0.053786 0.989370 -0.135106 76.652298 0.729799 0.053399 0.681573 -5.717846 0.000000 0.000000 0.000000 1.000000
0.673215 -0.140985 -0.725882 6.390018 0.062821 0.989011 -0.133828 75.896400 0.736774 0.044494 0.674674 -6.500916 0.000000 0.000000 0.000000 1.000000
0.657763 -0.139457 -0.740202 6.455803 0.070505 0.989796 -0.123829 75.408600 0.749918 0.029262 0.660884 -6.570486 0.000000 0.000000 0.000000 1.000000
0.646208 -0.122324 -0.753294 6.060160 0.081240 0.992488 -0.091474 75.390327 0.758825 -0.002087 0.651291 -5.809024 0.000000 0.000000 0.000000 1.000000
0.646464 -0.093622 -0.757178 5.098858 0.106360 0.993810 -0.032073 75.794991 0.755494 -0.059800 0.652421 -4.458012 0.000000 0.000000 0.000000 1.000000
0.681155 -0.029222 -0.731556 3.265053 0.115517 0.990977 0.067973 77.083038 0.722969 -0.130807 0.678385 -2.145781 0.000000 0.000000 0.000000 1.000000
0.741202 0.039906 -0.670095 1.090366 0.096003 0.981669 0.164651 79.292549 0.664382 -0.186371 0.723784 0.935467 0.000000 0.000000 0.000000 1.000000
0.789839 0.078051 -0.608327 -1.127354 0.072312 0.973100 0.218740 81.759323 0.609036 -0.216759 0.762948 4.033407 0.000000 0.000000 0.000000 1.000000
0.809004 0.093242 -0.580360 -3.381880 0.049230 0.973122 0.224969 83.887848 0.585737 -0.210572 0.782669 6.878903 0.000000 0.000000 0.000000 1.000000
0.803128 0.087232 -0.589386 -4.863824 0.041198 0.978726 0.200994 85.267433 0.594381 -0.185706 0.782448 9.241796 0.000000 0.000000 0.000000 1.000000
0.803322 0.091555 -0.588466 -5.815582 0.023335 0.982515 0.184717 85.775909 0.595088 -0.162119 0.787139 11.043952 0.000000 0.000000 0.000000 1.000000
0.797840 0.100162 -0.594490 -6.349885 0.003205 0.985383 0.170323 85.628586 0.602860 -0.137796 0.785858 12.274407 0.000000 0.000000 0.000000 1.000000
0.800735 0.104725 -0.589793 -6.536514 -0.001650 0.984981 0.172656 85.026520 0.599017 -0.137278 0.788881 12.872680 0.000000 0.000000 0.000000 1.000000
0.827605 0.087448 -0.554457 -6.524953 0.006517 0.986226 0.165273 84.560318 0.561273 -0.140394 0.815636 12.717858 0.000000 0.000000 0.000000 1.000000
0.829333 0.069634 -0.554399 -6.515418 0.014175 0.989263 0.145460 84.440056 0.558575 -0.128493 0.819441 12.527279 0.000000 0.000000 0.000000 1.000000
0.804446 0.067617 -0.590165 -6.435801 0.018070 0.990255 0.138087 84.569397 0.593751 -0.121748 0.795385 12.589067 0.000000 0.000000 0.000000 1.000000
0.783846 0.079894 -0.615794 -6.223100 0.017393 0.988475 0.150385 84.699150 0.620711 -0.128589 0.773423 12.521796 0.000000 0.000000 0.000000 1.000000
0.764853 0.086642 -0.638352 -6.161483 0.022294 0.986761 0.160642 84.857758 0.643819 -0.137099 0.752795 12.317850 0.000000 0.000000 0.000000 1.000000
0.751081 0.091937 -0.653777 -6.072124 0.023060 0.985999 0.165148 85.129646 0.659807 -0.139116 0.738445 12.177949 0.000000 0.000000 0.000000 1.000000
0.742287 0.101519 -0.662347 -5.805612 0.015492 0.985593 0.168424 85.369858 0.669903 -0.135280 0.730020 12.057098 0.000000 0.000000 0.000000 1.000000
0.732986 0.110465 -0.671214 -5.552266 0.004574 0.985904 0.167249 85.493111 0.680228 -0.125662 0.722149 11.937399 0.000000 0.000000 0.000000 1.000000
0.722837 0.111133 -0.682023 -5.219061 -0.000989 0.987148 0.159805 85.488617 0.691018 -0.114839 0.713657 11.784479 0.000000 0.000000 0.000000 1.000000
0.713209 0.108632 -0.692483 -4.732496 -0.001968 0.988224 0.152999 85.382141 0.700949 -0.107758 0.705024 11.616233 0.000000 0.000000 0.000000 1.000000
0.709387 0.107182 -0.696622 -4.218644 -0.001985 0.988670 0.150095 85.311890 0.704817 -0.105093 0.701562 11.495129 0.000000 0.000000 0.000000 1.000000
0.712946 0.107966 -0.692857 -3.766244 -0.002036 0.988390 0.151923 85.406044 0.701216 -0.106902 0.704889 11.443030 0.000000 0.000000 0.000000 1.000000
0.715977 0.108211 -0.689686 -3.398042 0.000469 0.987839 0.155478 85.568558 0.698123 -0.111642 0.707220 11.435357 0.000000 0.000000 0.000000 1.000000
0.716228 0.106265 -0.689729 -3.054041 0.003693 0.987748 0.156015 85.664909 0.697857 -0.114289 0.707060 11.417232 0.000000 0.000000 0.000000 1.000000
0.717883 0.103796 -0.688383 -2.756034 0.007924 0.987540 0.157167 85.697731 0.696119 -0.118282 0.708116 11.384005 0.000000 0.000000 0.000000 1.000000
0.719498 0.100985 -0.687114 -2.520426 0.011570 0.987491 0.157248 85.685974 0.694399 -0.121090 0.709329 11.317333 0.000000 0.000000 0.000000 1.000000
0.722833 0.097554 -0.684102 -2.338308 0.015732 0.987405 0.157427 85.648209 0.690844 -0.124556 0.712194 11.213832 0.000000 0.000000 0.000000 1.000000
0.728948 0.095658 -0.677852 -2.238584 0.018057 0.987158 0.158725 85.636070 0.684331 -0.127942 0.717860 11.088799 0.000000 0.000000 0.000000 1.000000
0.734879 0.092080 -0.671918 -2.128188 0.021284 0.987121 0.158554 85.657547 0.677864 -0.130819 0.723455 10.937295 0.000000 0.000000 0.000000 1.000000
0.739362 0.092986 -0.666856 -2.101385 0.021651 0.986622 0.161579 85.692902 0.672960 -0.133903 0.727458 10.803693 0.000000 0.000000 0.000000 1.000000
0.742695 0.094010 -0.662998 -2.139468 0.021029 0.986333 0.163415 85.719170 0.669299 -0.135310 0.730568 10.666631 0.000000 0.000000 0.000000 1.000000
0.745471 0.093761 -0.659911 -2.163280 0.020957 0.986270 0.163805 85.716965 0.666209 -0.135941 0.733271 10.514122 0.000000 0.000000 0.000000 1.000000
0.749300 0.093293 -0.655626 -2.165967 0.020239 0.986339 0.163483 85.695107 0.661921 -0.135767 0.737176 10.343917 0.000000 0.000000 0.000000 1.000000
0.753869 0.091770 -0.650584 -2.126327 0.018594 0.986821 0.160744 85.685379 0.656762 -0.133277 0.742227 10.167327 0.000000 0.000000 0.000000 1.000000
0.759958 0.090139 -0.643692 -2.082193 0.017077 0.987226 0.158406 85.692513 0.649748 -0.131374 0.748711 10.008406 0.000000 0.000000 0.000000 1.000000
0.766247 0.087150 -0.636609 -2.048675 0.015996 0.987865 0.154490 85.734695 0.642348 -0.128561 0.755554 9.863895 0.000000 0.000000 0.000000 1.000000
0.768809 0.082641 -0.634116 -2.008958 0.016449 0.988730 0.148800 85.763474 0.639267 -0.124830 0.758785 9.748336 0.000000 0.000000 0.000000 1.000000
0.768583 0.081238 -0.634571 -1.960786 0.014627 0.989414 0.144381 85.779388 0.639583 -0.120251 0.759259 9.628792 0.000000 0.000000 0.000000 1.000000
0.766943 0.076617 -0.637125 -1.840490 0.014658 0.990496 0.136756 85.784767 0.641548 -0.114223 0.758531 9.457971 0.000000 0.000000 0.000000 1.000000
0.763417 0.071281 -0.641960 -1.641773 0.014994 0.991668 0.127942 85.792198 0.645731 -0.107299 0.755988 9.212962 0.000000 0.000000 0.000000 1.000000
0.759262 0.067568 -0.647268 -1.359319 0.013656 0.992722 0.119648 85.815193 0.650642 -0.099683 0.752814 8.820192 0.000000 0.000000 0.000000 1.000000
0.760625 0.066230 -0.645804 -0.887410 0.009458 0.993546 0.113032 85.798798 0.649123 -0.092083 0.755090 8.154156 0.000000 0.000000 0.000000 1.000000
0.768925 0.065057 -0.636021 -0.202417 0.004250 0.994267 0.106840 85.642235 0.639325 -0.084855 0.764240 7.147555 0.000000 0.000000 0.000000 1.000000
0.779702 0.066166 -0.622645 0.486990 -0.001328 0.994574 0.104027 85.396362 0.626149 -0.080283 0.775559 6.045061 0.000000 0.000000 0.000000 1.000000
0.782005 0.059308 -0.620444 1.236324 -0.003602 0.995876 0.090656 85.172775 0.623262 -0.068658 0.778993 4.887962 0.000000 0.000000 0.000000 1.000000
0.759652 0.047436 -0.648598 1.773245 0.004103 0.996967 0.077720 84.927948 0.650317 -0.061701 0.757153 4.025749 0.000000 0.000000 0.000000 1.000000
0.721381 0.041441 -0.691298 1.802579 0.013245 0.997200 0.073601 84.699463 0.692412 -0.062251 0.718812 3.670220 0.000000 0.000000 0.000000 1.000000
0.679510 0.036677 -0.732749 1.590195 0.020873 0.997379 0.069280 84.505325 0.733369 -0.062372 0.676964 3.576655 0.000000 0.000000 0.000000 1.000000
0.638488 0.027586 -0.769137 1.214015 0.032674 0.997485 0.062899 84.334747 0.768938 -0.065291 0.635981 3.792416 0.000000 0.000000 0.000000 1.000000
0.610875 0.024910 -0.791335 0.684462 0.041807 0.997096 0.063660 84.129967 0.790623 -0.071972 0.608059 4.163697 0.000000 0.000000 0.000000 1.000000
0.596553 0.021548 -0.802285 0.371725 0.048897 0.996807 0.063130 83.973061 0.801083 -0.076889 0.593594 4.390696 0.000000 0.000000 0.000000 1.000000
0.589124 0.009644 -0.807985 0.287515 0.057405 0.996903 0.053755 83.884087 0.806001 -0.078051 0.586746 4.433632 0.000000 0.000000 0.000000 1.000000
0.593699 -0.006702 -0.804660 0.459174 0.061046 0.997459 0.036734 83.744797 0.802369 -0.070930 0.592599 4.161681 0.000000 0.000000 0.000000 1.000000
0.602562 -0.026826 -0.797621 0.678052 0.060915 0.998065 0.012450 83.473846 0.795744 -0.056089 0.603030 3.797665 0.000000 0.000000 0.000000 1.000000
0.612459 -0.049456 -0.788954 0.853890 0.060549 0.998044 -0.015560 82.929916 0.788180 -0.038240 0.614255 3.388795 0.000000 0.000000 0.000000 1.000000
0.620027 -0.068172 -0.781613 0.974857 0.060252 0.997413 -0.039198 82.114212 0.782264 -0.022790 0.622530 2.985570 0.000000 0.000000 0.000000 1.000000
0.624842 -0.081699 -0.776465 1.065113 0.059600 0.996599 -0.056899 81.086784 0.778473 -0.010725 0.627587 2.535241 0.000000 0.000000 0.000000 1.000000
0.629673 -0.089190 -0.771723 1.060834 0.059964 0.996004 -0.066184 79.895538 0.774542 -0.004601 0.632505 2.100722 0.000000 0.000000 0.000000 1.000000
0.636016 -0.093568 -0.765982 1.020062 0.060041 0.995613 -0.071764 78.594658 0.769336 -0.000347 0.638844 1.644768 0.000000 0.000000 0.000000 1.000000
0.640144 -0.098870 -0.761867 0.967007 0.058827 0.995081 -0.079707 77.320892 0.766000 0.006206 0.642811 1.189609 0.000000 0.000000 0.000000 1.000000
0.639638 -0.105226 -0.761440 0.900651 0.056302 0.994339 -0.090115 76.267654 0.766612 0.014770 0.641941 0.759676 0.000000 0.000000 0.000000 1.000000
0.639877 -0.113601 -0.760034 0.906714 0.054749 0.993239 -0.102364 75.422157 0.766524 0.023889 0.641771 0.343562 0.000000 0.000000 0.000000 1.000000
0.643233 -0.125833 -0.755260 0.905992 0.052899 0.991350 -0.120115 74.828629 0.763841 0.037310 0.644325 -0.125291 0.000000 0.000000 0.000000 1.000000
0.646145 -0.131953 -0.751721 0.915325 0.054574 0.990408 -0.126941 74.772324 0.761261 0.040998 0.647148 -0.409733 0.000000 0.000000 0.000000 1.000000
0.649142 -0.141810 -0.747331 0.911988 0.055293 0.988666 -0.139576 74.838318 0.758655 0.049283 0.649626 -0.711874 0.000000 0.000000 0.000000 1.000000
0.653259 -0.146938 -0.742739 0.795524 0.055785 0.987662 -0.146327 75.152214 0.755077 0.054155 0.653396 -0.924236 0.000000 0.000000 0.000000 1.000000
0.654233 -0.149035 -0.741463 0.631622 0.054716 0.987150 -0.150139 75.598152 0.754311 0.057656 0.653981 -1.038305 0.000000 0.000000 0.000000 1.000000
0.654121 -0.150541 -0.741258 0.485708 0.055482 0.986904 -0.151469 76.193359 0.754353 0.057953 0.653906 -1.042734 0.000000 0.000000 0.000000 1.000000
0.655090 -0.148735 -0.740767 0.320724 0.056589 0.987337 -0.148198 76.853264 0.753429 0.055164 0.655211 -0.910734 0.000000 0.000000 0.000000 1.000000
0.655913 -0.146810 -0.740422 0.207889 0.056286 0.987686 -0.145975 77.525467 0.752735 0.054072 0.656099 -0.750400 0.000000 0.000000 0.000000 1.000000
0.653630 -0.148655 -0.742071 0.130067 0.055882 0.987323 -0.148564 78.126335 0.754748 0.055638 0.653651 -0.589770 0.000000 0.000000 0.000000 1.000000
0.648748 -0.146655 -0.746738 -0.007547 0.051124 0.987437 -0.149511 78.737488 0.759284 0.058819 0.648096 -0.375058 0.000000 0.000000 0.000000 1.000000
0.646417 -0.140182 -0.749996 -0.132244 0.047034 0.988429 -0.144209 79.327263 0.761533 0.057943 0.645530 -0.149167 0.000000 0.000000 0.000000 1.000000
0.643780 -0.135263 -0.753161 -0.224954 0.045052 0.989246 -0.139153 79.823669 0.763883 0.055652 0.642950 0.093573 0.000000 0.000000 0.000000 1.000000
0.641210 -0.132306 -0.755873 -0.306864 0.044243 0.989760 -0.135713 80.212418 0.766089 0.053578 0.640498 0.301895 0.000000 0.000000 0.000000 1.000000
0.638873 -0.130030 -0.758244 -0.390536 0.043521 0.990143 -0.133129 80.469048 0.768080 0.052053 0.638234 0.447768 0.000000 0.000000 0.000000 1.000000
0.636880 -0.127994 -0.760264 -0.477324 0.041849 0.990408 -0.131683 80.566513 0.769826 0.052050 0.636128 0.527435 0.000000 0.000000 0.000000 1.000000</float_array><technique_common><accessor source="#Hips-Matrix-animation-output-transform-array" count="86" stride="16"><param type="float4x4"/></accessor></technique_common></source><source id="Hips-Interpolations"><Name_array id="Hips-Interpolations-array" count="86">
 LINEAR LINEAR LINEAR LINEAR LINEAR LINEAR LINEAR LINEAR LINEAR LINEAR LINEAR
LINEAR LINEAR LINEAR LINEAR LINEAR LINEAR LINEAR LINEAR LINEAR LINEAR LINEAR LINEAR
LINEAR LINEAR LINEAR LINEAR LINEAR LINEAR LINEAR LINEAR LINEAR LINEAR LINEAR LINEAR
LINEAR LINEAR LINEAR LINEAR LINEAR LINEAR LINEAR LINEAR LINEAR LINEAR LINEAR LINEAR
LINEAR LINEAR LINEAR LINEAR LINEAR LINEAR LINEAR LINEAR LINEAR LINEAR LINEAR LINEAR
LINEAR LINEAR LINEAR LINEAR LINEAR LINEAR LINEAR LINEAR LINEAR LINEAR LINEAR LINEAR
LINEAR LINEAR LINEAR LINEAR LINEAR LINEAR LINEAR LINEAR LINEAR LINEAR LINEAR LINEAR
LINEAR LINEAR LINEAR</Name_array><technique_common><accessor source="#Hips-Interpolations-array" count="86"><param type="name"/></accessor></technique_common></source><sampler id="Hips-Matrix-animation-transform"><input semantic="INPUT" source="#Hips-Matrix-animation-input"/><input semantic="OUTPUT" source="#Hips-Matrix-animation-output-transform"/><input semantic="INTERPOLATION" source="#Hips-Interpolations"/></sampler><channel source="#Hips-Matrix-animation-transform" target="Hips/matrix"/></animation>
    <animation id="Spine-anim" name="Spine"><source id="Spine-Matrix-animation-input"><float_array id="Spine-Matrix-animation-input-array" count="86">

0.000000 0.033333 0.066667 0.100000 0.133333 0.166667 0.200000 0.233333 0.266667 0.300000 0.333333 0.366667 0.400000 0.433333 0.466667 0.500000
0.533333 0.566667 0.600000 0.633333 0.666667 0.700000 0.733333 0.766667 0.800000 0.833333 0.866667 0.900000 0.933333 0.966667 1.000000 1.033333
1.066667 1.100000 1.133333 1.166667 1.200000 1.233333 1.266667 1.300000 1.333333 1.366667 1.400000 1.433333 1.466667 1.500000 1.533333 1.566667
1.600000 1.633333 1.666667 1.700000 1.733333 1.766667 1.800000 1.833333 1.866667 1.900000 1.933333 1.966667 2.000000 2.033333 2.066667 2.100000
2.133333 2.166667 2.200000 2.233333 2.266667 2.300000 2.333333 2.366667 2.400000 2.433333 2.466667 2.500000 2.533333 2.566667 2.600000 2.633333
2.666667 2.700000 2.733333 2.766667 2.800000 2.833333</float_array><technique_common><accessor source="#Spine-Matrix-animation-input-array" count="86"><param name="TIME" type="float"/></accessor></technique_common></source><source id="Spine-Matrix-animation-output-transform"><float_array id="Spine-Matrix-animation-output-transform-array" count="1376">

0.998103 0.036984 0.049210 0.017300 -0.026988 0.981378 -0.190179 10.574800 -0.055328 0.188490 0.980515 -1.117200 0.000000 0.000000 0.000000 1.000000
0.998457 0.034431 0.043566 0.017300 -0.025268 0.980343 -0.195675 10.574800 -0.049447 0.194273 0.979701 -1.117200 0.000000 0.000000 0.000000 1.000000
0.999072 0.028242 0.032505 0.017300 -0.020893 0.978000 -0.207558 10.574800 -0.037652 0.206686 0.977682 -1.117200 0.000000 0.000000 0.000000 1.000000
0.999644 0.016837 0.020684 0.017300 -0.011760 0.974343 -0.224763 10.574800 -0.023937 0.224440 0.974194 -1.117200 0.000000 0.000000 0.000000 1.000000
0.999978 -0.000663 0.006633 0.017300 0.002237 0.970744 -0.240106 10.574800 -0.006280 0.240115 0.970724 -1.117200 0.000000 0.000000 0.000000 1.000000
0.999831 -0.015478 -0.009930 0.017300 0.012429 0.966753 -0.255411 10.574800 0.013553 0.255245 0.966781 -1.117200 0.000000 0.000000 0.000000 1.000000
0.999007 -0.032920 -0.030019 0.017300 0.023633 0.962760 -0.269323 10.574800 0.037767 0.268346 0.962582 -1.117200 0.000000 0.000000 0.000000 1.000000
0.997903 -0.040032 -0.050857 0.017300 0.024402 0.960491 -0.277238 10.574800 0.059946 0.275415 0.959454 -1.117200 0.000000 0.000000 0.000000 1.000000
0.997499 -0.045910 -0.053746 0.017300 0.029353 0.960742 -0.275888 10.574800 0.064302 0.273620 0.959686 -1.117200 0.000000 0.000000 0.000000 1.000000
0.998061 -0.048789 -0.038657 0.017300 0.036391 0.961171 -0.273542 10.574800 0.050502 0.271605 0.961083 -1.117200 0.000000 0.000000 0.000000 1.000000
0.998549 -0.047937 -0.024548 0.017300 0.039841 0.964184 -0.262223 10.574800 0.036239 0.260865 0.964695 -1.117200 0.000000 0.000000 0.000000 1.000000
0.998282 -0.055699 -0.018194 0.017300 0.049529 0.968025 -0.245915 10.574800 0.031309 0.244591 0.969121 -1.117200 0.000000 0.000000 0.000000 1.000000
0.997733 -0.063248 -0.022971 0.017300 0.056571 0.973255 -0.222651 10.574800 0.036439 0.220847 0.974628 -1.117200 0.000000 0.000000 0.000000 1.000000
0.997297 -0.064959 -0.034326 0.017300 0.057435 0.980658 -0.187114 10.574800 0.045817 0.184637 0.981738 -1.117200 0.000000 0.000000 0.000000 1.000000
0.997649 -0.060208 -0.032736 0.017300 0.054778 0.987616 -0.147019 10.574800 0.041183 0.144880 0.988592 -1.117200 0.000000 0.000000 0.000000 1.000000
0.998630 -0.049877 -0.015837 0.017300 0.047851 0.992835 -0.109497 10.574800 0.021185 0.108589 0.993861 -1.117200 0.000000 0.000000 0.000000 1.000000
0.998896 -0.045232 -0.012667 0.017300 0.043962 0.995229 -0.087099 10.574800 0.016546 0.086446 0.996119 -1.117200 0.000000 0.000000 0.000000 1.000000
0.998867 -0.046058 -0.011952 0.017300 0.044934 0.995658 -0.081527 10.574800 0.015655 0.080898 0.996599 -1.117200 0.000000 0.000000 0.000000 1.000000
0.998949 -0.045844 0.000251 0.017300 0.045679 0.994864 -0.090325 10.574800 0.003891 0.090242 0.995912 -1.117200 0.000000 0.000000 0.000000 1.000000
0.999040 -0.042275 -0.011498 0.017300 0.040929 0.994222 -0.099235 10.574800 0.015627 0.098669 0.994998 -1.117200 0.000000 0.000000 0.000000 1.000000
0.998648 -0.037524 -0.035984 0.017300 0.034063 0.995140 -0.092389 10.574800 0.039276 0.091038 0.995073 -1.117200 0.000000 0.000000 0.000000 1.000000
0.998240 -0.041316 -0.042552 0.017300 0.037552 0.995609 -0.085744 10.574800 0.045908 0.083995 0.995408 -1.117200 0.000000 0.000000 0.000000 1.000000
0.997971 -0.046644 -0.043331 0.017300 0.042772 0.995346 -0.086358 10.574800 0.047158 0.084330 0.995321 -1.117200 0.000000 0.000000 0.000000 1.000000
0.998148 -0.045183 -0.040721 0.017300 0.041605 0.995528 -0.084810 10.574800 0.044371 0.082958 0.995565 -1.117200 0.000000 0.000000 0.000000 1.000000
0.998077 -0.045044 -0.042572 0.017300 0.041355 0.995617 -0.083882 10.574800 0.046164 0.081960 0.995566 -1.117200 0.000000 0.000000 0.000000 1.000000
0.997684 -0.048083 -0.048117 0.017300 0.043931 0.995504 -0.083915 10.574800 0.051936 0.081606 0.995311 -1.117200 0.000000 0.000000 0.000000 1.000000
0.997554 -0.051016 -0.047782 0.017300 0.046968 0.995499 -0.082318 10.574800 0.051767 0.079873 0.995460 -1.117200 0.000000 0.000000 0.000000 1.000000
0.997671 -0.051570 -0.044634 0.017300 0.047918 0.995695 -0.079345 10.574800 0.048534 0.077022 0.995847 -1.117200 0.000000 0.000000 0.000000 1.000000
0.997772 -0.051583 -0.042321 0.017300 0.048110 0.995687 -0.079333 10.574800 0.046230 0.077120 0.995949 -1.117200 0.000000 0.000000 0.000000 1.000000
0.997789 -0.051877 -0.041555 0.017300 0.048368 0.995507 -0.081402 10.574800 0.045591 0.079212 0.995815 -1.117200 0.000000 0.000000 0.000000 1.000000
0.997781 -0.052787 -0.040569 0.017300 0.049277 0.995321 -0.083118 10.574800 0.044767 0.080935 0.995714 -1.117200 0.000000 0.000000 0.000000 1.000000
0.997773 -0.053083 -0.040392 0.017300 0.049555 0.995249 -0.083813 10.574800 0.044649 0.081625 0.995663 -1.117200 0.000000 0.000000 0.000000 1.000000
0.997774 -0.054073 -0.039029 0.017300 0.050678 0.995238 -0.083266 10.574800 0.043346 0.081103 0.995763 -1.117200 0.000000 0.000000 0.000000 1.000000
0.997785 -0.054658 -0.037919 0.017300 0.051360 0.995220 -0.083063 10.574800 0.042278 0.080931 0.995823 -1.117200 0.000000 0.000000 0.000000 1.000000
0.997793 -0.055043 -0.037128 0.017300 0.051855 0.995285 -0.081970 10.574800 0.041465 0.079863 0.995943 -1.117200 0.000000 0.000000 0.000000 1.000000
0.997786 -0.055288 -0.036965 0.017300 0.052151 0.995346 -0.081038 10.574800 0.041274 0.078930 0.996025 -1.117200 0.000000 0.000000 0.000000 1.000000
0.997756 -0.055494 -0.037454 0.017300 0.052347 0.995393 -0.080327 10.574800 0.041739 0.078186 0.996065 -1.117200 0.000000 0.000000 0.000000 1.000000
0.997774 -0.054934 -0.037798 0.017300 0.051791 0.995479 -0.079625 10.574800 0.042001 0.077490 0.996108 -1.117200 0.000000 0.000000 0.000000 1.000000
0.997757 -0.055328 -0.037674 0.017300 0.052177 0.995426 -0.080034 10.574800 0.041930 0.077888 0.996080 -1.117200 0.000000 0.000000 0.000000 1.000000
0.997755 -0.055974 -0.036771 0.017300 0.052901 0.995405 -0.079818 10.574800 0.041070 0.077693 0.996131 -1.117200 0.000000 0.000000 0.000000 1.000000
0.997774 -0.055696 -0.036678 0.017300 0.052625 0.995408 -0.079957 10.574800 0.040963 0.077849 0.996123 -1.117200 0.000000 0.000000 0.000000 1.000000
0.997808 -0.055382 -0.036217 0.017300 0.052310 0.995350 -0.080882 10.574800 0.040528 0.078810 0.996065 -1.117200 0.000000 0.000000 0.000000 1.000000
0.997843 -0.054947 -0.035925 0.017300 0.051856 0.995286 -0.081958 10.574800 0.040259 0.079918 0.995988 -1.117200 0.000000 0.000000 0.000000 1.000000
0.997851 -0.054967 -0.035672 0.017300 0.051827 0.995146 -0.083653 10.574800 0.040097 0.081625 0.995856 -1.117200 0.000000 0.000000 0.000000 1.000000
0.997865 -0.054309 -0.036290 0.017300 0.051073 0.995088 -0.084800 10.574800 0.040717 0.082766 0.995737 -1.117200 0.000000 0.000000 0.000000 1.000000
0.997889 -0.054349 -0.035539 0.017300 0.051129 0.994984 -0.085986 10.574800 0.040034 0.083988 0.995662 -1.117200 0.000000 0.000000 0.000000 1.000000
0.997869 -0.055035 -0.035039 0.017300 0.051755 0.994733 -0.088479 10.574800 0.039724 0.086477 0.995462 -1.117200 0.000000 0.000000 0.000000 1.000000
0.997880 -0.055642 -0.033767 0.017300 0.052341 0.994400 -0.091807 10.574800 0.038686 0.089845 0.995204 -1.117200 0.000000 0.000000 0.000000 1.000000
0.997827 -0.056504 -0.033883 0.017300 0.053012 0.993933 -0.096364 10.574800 0.039122 0.094359 0.994769 -1.117200 0.000000 0.000000 0.000000 1.000000
0.997777 -0.057907 -0.032985 0.017300 0.054233 0.993192 -0.103093 10.574800 0.038730 0.101075 0.994125 -1.117200 0.000000 0.000000 0.000000 1.000000
0.997752 -0.058538 -0.032633 0.017300 0.054449 0.991924 -0.114554 10.574800 0.039075 0.112519 0.992881 -1.117200 0.000000 0.000000 0.000000 1.000000
0.997750 -0.057664 -0.034195 0.017300 0.052716 0.989951 -0.131219 10.574800 0.041418 0.129121 0.990763 -1.117200 0.000000 0.000000 0.000000 1.000000
0.997603 -0.056021 -0.040620 0.017300 0.049310 0.987354 -0.150669 10.574800 0.048547 0.148305 0.987749 -1.117200 0.000000 0.000000 0.000000 1.000000
0.997450 -0.054603 -0.045963 0.017300 0.046244 0.984948 -0.166548 10.574800 0.054366 0.163998 0.984962 -1.117200 0.000000 0.000000 0.000000 1.000000
0.998040 -0.046856 -0.041471 0.017300 0.038850 0.983565 -0.176325 10.574800 0.049051 0.174369 0.983458 -1.117200 0.000000 0.000000 0.000000 1.000000
0.998959 -0.034557 -0.029791 0.017300 0.028664 0.983345 -0.179473 10.574800 0.035496 0.178432 0.983312 -1.117200 0.000000 0.000000 0.000000 1.000000
0.999732 -0.020438 -0.010916 0.017300 0.018164 0.983782 -0.178445 10.574800 0.014386 0.178199 0.983889 -1.117200 0.000000 0.000000 0.000000 1.000000
0.999945 -0.002317 0.010225 0.017300 0.004015 0.985561 -0.169272 10.574800 -0.009685 0.169304 0.985516 -1.117200 0.000000 0.000000 0.000000 1.000000
0.999538 0.010753 0.028421 0.017300 -0.006003 0.986735 -0.162230 10.574800 -0.029789 0.161984 0.986344 -1.117200 0.000000 0.000000 0.000000 1.000000
0.998973 0.019644 0.040832 0.017300 -0.012876 0.987055 -0.159864 10.574800 -0.043444 0.159174 0.986294 -1.117200 0.000000 0.000000 0.000000 1.000000
0.998407 0.027489 0.049276 0.017300 -0.019154 0.986561 -0.162265 10.574800 -0.053074 0.161063 0.985516 -1.117200 0.000000 0.000000 0.000000 1.000000
0.998226 0.029955 0.051448 0.017300 -0.020842 0.985342 -0.169315 10.574800 -0.055765 0.167942 0.984218 -1.117200 0.000000 0.000000 0.000000 1.000000
0.998171 0.030502 0.052198 0.017300 -0.020954 0.984426 -0.174548 10.574800 -0.056709 0.173135 0.983264 -1.117200 0.000000 0.000000 0.000000 1.000000
0.998195 0.030284 0.051862 0.017300 -0.020615 0.983863 -0.177731 10.574800 -0.056408 0.176341 0.982711 -1.117200 0.000000 0.000000 0.000000 1.000000
0.998192 0.031208 0.051368 0.017300 -0.021372 0.983076 -0.181947 10.574800 -0.056177 0.180520 0.981966 -1.117200 0.000000 0.000000 0.000000 1.000000
0.998137 0.032783 0.051454 0.017300 -0.022565 0.981930 -0.187895 10.574800 -0.056684 0.186384 0.980840 -1.117200 0.000000 0.000000 0.000000 1.000000
0.998131 0.033258 0.051262 0.017300 -0.022613 0.980391 -0.195760 10.574800 -0.056767 0.194235 0.979311 -1.117200 0.000000 0.000000 0.000000 1.000000
0.998161 0.033128 0.050758 0.017300 -0.022231 0.979158 -0.201882 10.574800 -0.056388 0.200382 0.978094 -1.117200 0.000000 0.000000 0.000000 1.000000
0.998098 0.033867 0.051507 0.017300 -0.022588 0.978376 -0.205595 10.574800 -0.057356 0.204041 0.977281 -1.117200 0.000000 0.000000 0.000000 1.000000
0.997982 0.035676 0.052521 0.017300 -0.023978 0.977726 -0.208509 10.574800 -0.058790 0.206829 0.976609 -1.117200 0.000000 0.000000 0.000000 1.000000
0.998007 0.036389 0.051554 0.017300 -0.024664 0.976935 -0.212106 10.574800 -0.058084 0.210411 0.975886 -1.117200 0.000000 0.000000 0.000000 1.000000
0.998030 0.037059 0.050617 0.017300 -0.025440 0.976626 -0.213437 10.574800 -0.057344 0.211729 0.975645 -1.117200 0.000000 0.000000 0.000000 1.000000
0.998075 0.036439 0.050187 0.017300 -0.024482 0.974965 -0.221007 10.574800 -0.056984 0.219353 0.973980 -1.117200 0.000000 0.000000 0.000000 1.000000
0.998131 0.036093 0.049304 0.017300 -0.024335 0.974953 -0.221077 10.574800 -0.056049 0.219464 0.974009 -1.117200 0.000000 0.000000 0.000000 1.000000
0.998195 0.035422 0.048506 0.017300 -0.023831 0.974871 -0.221491 10.574800 -0.055132 0.219935 0.973955 -1.117200 0.000000 0.000000 0.000000 1.000000
0.998170 0.035575 0.048891 0.017300 -0.024013 0.975329 -0.219448 10.574800 -0.055491 0.217872 0.974398 -1.117200 0.000000 0.000000 0.000000 1.000000
0.998155 0.036453 0.048561 0.017300 -0.025063 0.975778 -0.217322 10.574800 -0.055307 0.215704 0.974891 -1.117200 0.000000 0.000000 0.000000 1.000000
0.998196 0.035824 0.048180 0.017300 -0.024645 0.976241 -0.215280 10.574800 -0.054747 0.213704 0.975363 -1.117200 0.000000 0.000000 0.000000 1.000000
0.998246 0.034890 0.047835 0.017300 -0.024001 0.977027 -0.211759 10.574800 -0.054124 0.210240 0.976150 -1.117200 0.000000 0.000000 0.000000 1.000000
0.998195 0.036044 0.048045 0.017300 -0.025457 0.978407 -0.205112 10.574800 -0.054400 0.203519 0.977559 -1.117200 0.000000 0.000000 0.000000 1.000000
0.998100 0.036681 0.049504 0.017300 -0.026167 0.979770 -0.198410 10.574800 -0.055781 0.196738 0.978868 -1.117200 0.000000 0.000000 0.000000 1.000000
0.998109 0.035843 0.049945 0.017300 -0.025404 0.980306 -0.195841 10.574800 -0.055981 0.194202 0.979363 -1.117200 0.000000 0.000000 0.000000 1.000000
0.998132 0.035392 0.049807 0.017300 -0.025103 0.980715 -0.193826 10.574800 -0.055706 0.192213 0.979771 -1.117200 0.000000 0.000000 0.000000 1.000000
0.998142 0.035657 0.049417 0.017300 -0.025548 0.981085 -0.191882 10.574800 -0.055324 0.190263 0.980173 -1.117200 0.000000 0.000000 0.000000 1.000000
0.998119 0.036430 0.049302 0.017300 -0.026386 0.981258 -0.190884 10.574800 -0.055332 0.189224 0.980374 -1.117200 0.000000 0.000000 0.000000 1.000000
0.998101 0.036992 0.049247 0.017300 -0.026988 0.981378 -0.190181 10.574800 -0.055365 0.188491 0.980513 -1.117200 0.000000 0.000000 0.000000 1.000000</float_array><technique_common><accessor source="#Spine-Matrix-animation-output-transform-array" count="86" stride="16"><param type="float4x4"/></accessor></technique_common></source><source id="Spine-Interpolations"><Name_array id="Spine-Interpolations-array" count="86">
 LINEAR LINEAR LINEAR LINEAR LINEAR LINEAR LINEAR LINEAR LINEAR LINEAR LINEAR
LINEAR LINEAR LINEAR LINEAR LINEAR LINEAR LINEAR LINEAR LINEAR LINEAR LINEAR LINEAR
LINEAR LINEAR LINEAR LINEAR LINEAR LINEAR LINEAR LINEAR LINEAR LINEAR LINEAR LINEAR
LINEAR LINEAR LINEAR LINEAR LINEAR LINEAR LINEAR LINEAR LINEAR LINEAR LINEAR LINEAR
LINEAR LINEAR LINEAR LINEAR LINEAR LINEAR LINEAR LINEAR LINEAR LINEAR LINEAR LINEAR
LINEAR LINEAR LINEAR LINEAR LINEAR LINEAR LINEAR LINEAR LINEAR LINEAR LINEAR LINEAR
LINEAR LINEAR LINEAR LINEAR LINEAR LINEAR LINEAR LINEAR LINEAR LINEAR LINEAR LINEAR
LINEAR LINEAR LINEAR</Name_array><technique_common><accessor source="#Spine-Interpolations-array" count="86"><param type="name"/></accessor></technique_common></source><sampler id="Spine-Matrix-animation-transform"><input semantic="INPUT" source="#Spine-Matrix-animation-input"/><input semantic="OUTPUT" source="#Spine-Matrix-animation-output-transform"/><input semantic="INTERPOLATION" source="#Spine-Interpolations"/></sampler><channel source="#Spine-Matrix-animation-transform" target="Spine/matrix"/></animation>
    <animation id="Spine1-anim" name="Spine1"><source id="Spine1-Matrix-animation-input"><float_array id="Spine1-Matrix-animation-input-array" count="86">

0.000000 0.033333 0.066667 0.100000 0.133333 0.166667 0.200000 0.233333 0.266667 0.300000 0.333333 0.366667 0.400000 0.433333 0.466667 0.500000
0.533333 0.566667 0.600000 0.633333 0.666667 0.700000 0.733333 0.766667 0.800000 0.833333 0.866667 0.900000 0.933333 0.966667 1.000000 1.033333
1.066667 1.100000 1.133333 1.166667 1.200000 1.233333 1.266667 1.300000 1.333333 1.366667 1.400000 1.433333 1.466667 1.500000 1.533333 1.566667
1.600000 1.633333 1.666667 1.700000 1.733333 1.766667 1.800000 1.833333 1.866667 1.900000 1.933333 1.966667 2.000000 2.033333 2.066667 2.100000
2.133333 2.166667 2.200000 2.233333 2.266667 2.300000 2.333333 2.366667 2.400000 2.433333 2.466667 2.500000 2.533333 2.566667 2.600000 2.633333
2.666667 2.700000 2.733333 2.766667 2.800000 2.833333</float_array><technique_common><accessor source="#Spine1-Matrix-animation-input-array" count="86"><param name="TIME" type="float"/></accessor></technique_common></source><source id="Spine1-Matrix-animation-output-transform"><float_array id="Spine1-Matrix-animation-output-transform-array" count="1376">

0.992503 0.074360 0.097001 0.019000 -0.064009 0.992328 -0.105775 12.337300 -0.104123 0.098773 0.989648 -1.303400 0.000000 0.000000 0.000000 1.000000
0.993114 0.074820 0.090149 0.019000 -0.064591 0.991665 -0.111483 12.337300 -0.097739 0.104893 0.989669 -1.303400 0.000000 0.000000 0.000000 1.000000
0.993961 0.076965 0.078220 0.019000 -0.066765 0.989837 -0.125559 12.337300 -0.087089 0.119578 0.988998 -1.303400 0.000000 0.000000 0.000000 1.000000
0.995055 0.073114 0.067237 0.019000 -0.062701 0.987337 -0.145722 12.337300 -0.077039 0.140786 0.987038 -1.303400 0.000000 0.000000 0.000000 1.000000
0.996465 0.064292 0.054069 0.019000 -0.054919 0.985614 -0.159840 12.337300 -0.063568 0.156306 0.985661 -1.303400 0.000000 0.000000 0.000000 1.000000
0.997352 0.062610 0.037001 0.019000 -0.055259 0.983169 -0.174144 12.337300 -0.047281 0.171638 0.984025 -1.303400 0.000000 0.000000 0.000000 1.000000
0.998665 0.050202 0.012125 0.019000 -0.047120 0.981797 -0.183994 12.337300 -0.021141 0.183177 0.982853 -1.303400 0.000000 0.000000 0.000000 1.000000
0.998421 0.053870 -0.015898 0.019000 -0.055902 0.980540 -0.188194 12.337300 0.005450 0.188786 0.982003 -1.303400 0.000000 0.000000 0.000000 1.000000
0.998587 0.049756 -0.018688 0.019000 -0.052350 0.981534 -0.183986 12.337300 0.009188 0.184705 0.982751 -1.303400 0.000000 0.000000 0.000000 1.000000
0.999133 0.041247 0.005613 0.019000 -0.039527 0.982348 -0.182839 12.337300 -0.013055 0.182459 0.983127 -1.303400 0.000000 0.000000 0.000000 1.000000
0.998785 0.040241 0.028441 0.019000 -0.035020 0.985699 -0.164836 12.337300 -0.034667 0.163639 0.985911 -1.303400 0.000000 0.000000 0.000000 1.000000
0.998923 0.027037 0.037713 0.019000 -0.021631 0.990331 -0.137026 12.337300 -0.041053 0.136063 0.989849 -1.303400 0.000000 0.000000 0.000000 1.000000
0.999462 0.015389 0.028965 0.019000 -0.012266 0.994391 -0.105057 12.337300 -0.030419 0.104645 0.994044 -1.303400 0.000000 0.000000 0.000000 1.000000
0.999841 0.014931 0.009745 0.019000 -0.014398 0.998512 -0.052603 12.337300 -0.010516 0.052454 0.998568 -1.303400 0.000000 0.000000 0.000000 1.000000
0.999684 0.021723 0.012631 0.019000 -0.021885 0.999678 0.012851 12.337300 -0.012348 -0.013123 0.999838 -1.303400 0.000000 0.000000 0.000000 1.000000
0.998603 0.030352 0.043248 0.019000 -0.033373 0.996923 0.070927 12.337300 -0.040962 -0.072271 0.996543 -1.303400 0.000000 0.000000 0.000000 1.000000
0.998024 0.040247 0.048259 0.019000 -0.045098 0.993550 0.104042 12.337300 -0.043761 -0.106013 0.993401 -1.303400 0.000000 0.000000 0.000000 1.000000
0.997998 0.040346 0.048703 0.019000 -0.045729 0.992310 0.115023 12.337300 -0.043688 -0.117020 0.992168 -1.303400 0.000000 0.000000 0.000000 1.000000
0.996877 0.038278 0.069074 0.019000 -0.045303 0.993629 0.103191 12.337300 -0.064684 -0.105998 0.992260 -1.303400 0.000000 0.000000 0.000000 1.000000
0.997642 0.047703 0.049345 0.019000 -0.052191 0.994197 0.094066 12.337300 -0.044571 -0.096420 0.994342 -1.303400 0.000000 0.000000 0.000000 1.000000
0.998481 0.054049 0.010689 0.019000 -0.054878 0.992873 0.105793 12.337300 -0.004895 -0.106219 0.994331 -1.303400 0.000000 0.000000 0.000000 1.000000
0.999013 0.044425 0.000504 0.019000 -0.044207 0.992840 0.110973 12.337300 0.004429 -0.110886 0.993823 -1.303400 0.000000 0.000000 0.000000 1.000000
0.999375 0.035322 -0.001329 0.019000 -0.034964 0.993380 0.109429 12.337300 0.005186 -0.109314 0.993994 -1.303400 0.000000 0.000000 0.000000 1.000000
0.999204 0.039823 0.002370 0.019000 -0.039840 0.993001 0.111186 12.337300 0.002074 -0.111192 0.993797 -1.303400 0.000000 0.000000 0.000000 1.000000
0.999142 0.041397 -0.000985 0.019000 -0.041022 0.992765 0.112851 12.337300 0.005650 -0.112714 0.993611 -1.303400 0.000000 0.000000 0.000000 1.000000
0.999308 0.035780 -0.010158 0.019000 -0.034390 0.992877 0.114069 12.337300 0.014167 -0.113641 0.993421 -1.303400 0.000000 0.000000 0.000000 1.000000
0.999514 0.029661 -0.009595 0.019000 -0.028339 0.992758 0.116739 12.337300 0.012988 -0.116410 0.993116 -1.303400 0.000000 0.000000 0.000000 1.000000
0.999600 0.027941 -0.004290 0.019000 -0.027226 0.992424 0.119802 12.337300 0.007605 -0.119637 0.992789 -1.303400 0.000000 0.000000 0.000000 1.000000
0.999631 0.027167 -0.000300 0.019000 -0.026935 0.992422 0.119889 12.337300 0.003554 -0.119837 0.992787 -1.303400 0.000000 0.000000 0.000000 1.000000
0.999664 0.025894 0.001152 0.019000 -0.025851 0.992791 0.117037 12.337300 0.001887 -0.117028 0.993127 -1.303400 0.000000 0.000000 0.000000 1.000000
0.999693 0.024624 0.002607 0.019000 -0.024761 0.993101 0.114618 12.337300 0.000233 -0.114647 0.993406 -1.303400 0.000000 0.000000 0.000000 1.000000
0.999696 0.024481 0.002820 0.019000 -0.024642 0.993252 0.113329 12.337300 -0.000026 -0.113364 0.993553 -1.303400 0.000000 0.000000 0.000000 1.000000
0.999734 0.022474 0.005098 0.019000 -0.022911 0.993120 0.114842 12.337300 -0.002482 -0.114928 0.993371 -1.303400 0.000000 0.000000 0.000000 1.000000
0.999741 0.021685 0.006835 0.019000 -0.022329 0.993072 0.115363 12.337300 -0.004286 -0.115486 0.993300 -1.303400 0.000000 0.000000 0.000000 1.000000
0.999744 0.021110 0.008103 0.019000 -0.021913 0.992905 0.116872 12.337300 -0.005578 -0.117020 0.993114 -1.303400 0.000000 0.000000 0.000000 1.000000
0.999741 0.021203 0.008234 0.019000 -0.022028 0.992736 0.118281 12.337300 -0.005666 -0.118432 0.992946 -1.303400 0.000000 0.000000 0.000000 1.000000
0.999747 0.021242 0.007334 0.019000 -0.021966 0.992622 0.119242 12.337300 -0.004747 -0.119373 0.992838 -1.303400 0.000000 0.000000 0.000000 1.000000
0.999726 0.022389 0.006785 0.019000 -0.023043 0.992454 0.120429 12.337300 -0.004037 -0.120552 0.992699 -1.303400 0.000000 0.000000 0.000000 1.000000
0.999736 0.021934 0.006860 0.019000 -0.022599 0.992527 0.119911 12.337300 -0.004179 -0.120035 0.992761 -1.303400 0.000000 0.000000 0.000000 1.000000
0.999742 0.021222 0.008138 0.019000 -0.022046 0.992530 0.119994 12.337300 -0.005531 -0.120143 0.992741 -1.303400 0.000000 0.000000 0.000000 1.000000
0.999726 0.021926 0.008233 0.019000 -0.022753 0.992573 0.119503 12.337300 -0.005552 -0.119657 0.992800 -1.303400 0.000000 0.000000 0.000000 1.000000
0.999706 0.022546 0.008953 0.019000 -0.023444 0.992770 0.117724 12.337300 -0.006235 -0.117899 0.993006 -1.303400 0.000000 0.000000 0.000000 1.000000
0.999686 0.023190 0.009474 0.019000 -0.024129 0.993013 0.115509 12.337300 -0.006730 -0.115701 0.993261 -1.303400 0.000000 0.000000 0.000000 1.000000
0.999678 0.023407 0.009801 0.019000 -0.024363 0.993340 0.112617 12.337300 -0.007100 -0.112819 0.993590 -1.303400 0.000000 0.000000 0.000000 1.000000
0.999661 0.024458 0.008897 0.019000 -0.025291 0.993569 0.110366 12.337300 -0.006140 -0.110554 0.993851 -1.303400 0.000000 0.000000 0.000000 1.000000
0.999648 0.024545 0.010114 0.019000 -0.025497 0.993782 0.108384 12.337300 -0.007390 -0.108604 0.994058 -1.303400 0.000000 0.000000 0.000000 1.000000
0.999670 0.023221 0.010942 0.019000 -0.024240 0.994215 0.104633 12.337300 -0.008449 -0.104864 0.994451 -1.303400 0.000000 0.000000 0.000000 1.000000
0.999660 0.022716 0.012808 0.019000 -0.023884 0.994705 0.099954 12.337300 -0.010470 -0.100226 0.994910 -1.303400 0.000000 0.000000 0.000000 1.000000
0.999691 0.021486 0.012482 0.019000 -0.022557 0.995394 0.093177 12.337300 -0.010422 -0.093429 0.995571 -1.303400 0.000000 0.000000 0.000000 1.000000
0.999718 0.019329 0.013811 0.019000 -0.020392 0.996463 0.081516 12.337300 -0.012186 -0.081775 0.996576 -1.303400 0.000000 0.000000 0.000000 1.000000
