<?xml version="1.0" encoding="utf-8"?>
<COLLADA xmlns="http://www.collada.org/2005/11/COLLADASchema" version="1.4.1">
  <asset><contributor><author>Mixamo</author><authoring_tool>COLLADA Mixamo exporter</authoring_tool><comments></comments></contributor><created>2018-10-22T12:38:37Z</created><modified>2018-10-22T12:38:37Z</modified><revision></revision><title></title><unit meter="0.010000"/><up_axis>Y_UP</up_axis></asset>
  <library_animations>
    <animation id="Hips-anim" name="Hips"><source id="Hips-Matrix-animation-input"><float_array id="Hips-Matrix-animation-input-array" count="35">

0.000000 0.033333 0.066667 0.100000 0.133333 0.166667 0.200000 0.233333 0.266667 0.300000 0.333333 0.366667 0.400000 0.433333 0.466667 0.500000
0.533333 0.566667 0.600000 0.633333 0.666667 0.700000 0.733333 0.766667 0.800000 0.833333 0.866667 0.900000 0.933333 0.966667 1.000000 1.033333
1.066667 1.100000 1.133333</float_array><technique_common><accessor source="#Hips-Matrix-animation-input-array" count="35"><param name="TIME" type="float"/></accessor></technique_common></source><source id="Hips-Matrix-animation-output-transform"><float_array id="Hips-Matrix-animation-output-transform-array" count="560">

0.483490 -0.058876 -0.873368 0.000088 0.037780 0.998209 -0.046378 76.722786 0.874534 -0.010572 0.484849 0.000020 0.000000 0.000000 0.000000 1.000000
0.464599 -0.069611 -0.882781 -0.379128 0.054684 0.997258 -0.049858 76.826263 0.883831 -0.025109 0.467132 -0.488832 0.000000 0.000000 0.000000 1.000000
0.450916 -0.082067 -0.888785 -1.249907 0.076496 0.995654 -0.053126 77.532158 0.889282 -0.044033 0.455234 -0.982848 0.000000 0.000000 0.000000 1.000000
0.444934 -0.092358 -0.890788 -1.925876 0.089917 0.994249 -0.058173 78.657349 0.891038 -0.054214 0.450680 -1.408519 0.000000 0.000000 0.000000 1.000000
0.434696 -0.104619 -0.894480 -1.963488 0.099390 0.992735 -0.067810 79.734673 0.895076 -0.059425 0.441936 -1.693577 0.000000 0.000000 0.000000 1.000000
0.412605 -0.116730 -0.903400 -2.415280 0.105532 0.991203 -0.079876 81.079788 0.904776 -0.062381 0.421294 -1.936721 0.000000 0.000000 0.000000 1.000000
0.388955 -0.124567 -0.912796 -2.631029 0.107247 0.990202 -0.089431 82.447929 0.914993 -0.063109 0.398504 -1.868520 0.000000 0.000000 0.000000 1.000000
0.379198 -0.126298 -0.916656 -2.118389 0.108075 0.989906 -0.091683 83.538017 0.918982 -0.064301 0.389020 -1.625762 0.000000 0.000000 0.000000 1.000000
0.375728 -0.121879 -0.918681 -1.680464 0.109372 0.990218 -0.086638 84.386490 0.920253 -0.067926 0.385383 -1.438583 0.000000 0.000000 0.000000 1.000000
0.367885 -0.116826 -0.922503 -1.288651 0.109850 0.990590 -0.081641 84.875778 0.923360 -0.071303 0.377257 -1.107050 0.000000 0.000000 0.000000 1.000000
0.356129 -0.116082 -0.927199 -0.255853 0.108163 0.990705 -0.082488 84.874832 0.928156 -0.070912 0.365374 -0.813680 0.000000 0.000000 0.000000 1.000000
0.343481 -0.115009 -0.932091 0.836032 0.107259 0.990783 -0.082726 84.559052 0.933015 -0.071561 0.352651 -0.605646 0.000000 0.000000 0.000000 1.000000
0.324198 -0.112504 -0.939275 1.541961 0.106354 0.990943 -0.081984 83.934601 0.939992 -0.073317 0.333227 -0.271131 0.000000 0.000000 0.000000 1.000000
0.300435 -0.111843 -0.947222 2.861909 0.103268 0.991078 -0.084267 83.248238 0.948195 -0.072501 0.309305 0.017586 0.000000 0.000000 0.000000 1.000000
0.273155 -0.113944 -0.955198 4.092860 0.096224 0.991217 -0.090723 82.477646 0.957145 -0.067132 0.281720 0.482358 0.000000 0.000000 0.000000 1.000000
0.245771 -0.111278 -0.962919 4.524654 0.082792 0.992168 -0.093527 81.622147 0.965786 -0.056736 0.253059 1.288872 0.000000 0.000000 0.000000 1.000000
0.232870 -0.100025 -0.967350 5.273036 0.069473 0.993866 -0.086042 81.028145 0.970023 -0.047168 0.238390 1.975726 0.000000 0.000000 0.000000 1.000000
0.238278 -0.085960 -0.967385 5.781953 0.064248 0.995289 -0.072614 80.787155 0.969069 -0.044850 0.242679 2.856872 0.000000 0.000000 0.000000 1.000000
0.263830 -0.078552 -0.961365 5.644972 0.062326 0.995984 -0.064277 80.772560 0.962554 -0.042960 0.267666 4.015495 0.000000 0.000000 0.000000 1.000000
0.282017 -0.070526 -0.956814 6.395701 0.051001 0.996986 -0.058454 80.683479 0.958053 -0.032313 0.284764 4.704543 0.000000 0.000000 0.000000 1.000000
0.283434 -0.060828 -0.957061 7.175735 0.037141 0.997934 -0.052427 80.752457 0.958272 -0.020687 0.285107 5.222729 0.000000 0.000000 0.000000 1.000000
0.288682 -0.059042 -0.955603 7.283115 0.027276 0.998199 -0.053434 81.130379 0.957037 -0.010639 0.289772 5.849546 0.000000 0.000000 0.000000 1.000000
0.297186 -0.063841 -0.952683 8.047781 0.015150 0.997952 -0.062149 81.506386 0.954700 0.004037 0.297544 6.248638 0.000000 0.000000 0.000000 1.000000
0.308550 -0.068030 -0.948772 8.467649 0.004043 0.997524 -0.070211 82.126343 0.951199 0.017828 0.308061 6.590953 0.000000 0.000000 0.000000 1.000000
0.321658 -0.071973 -0.944116 8.188239 -0.004841 0.996969 -0.077652 82.795532 0.946844 0.029548 0.320335 6.850293 0.000000 0.000000 0.000000 1.000000
0.333086 -0.077884 -0.939674 8.218899 -0.008868 0.996280 -0.085719 83.245842 0.942855 0.036885 0.331157 6.932818 0.000000 0.000000 0.000000 1.000000
0.349182 -0.083375 -0.933338 7.207008 -0.011399 0.995582 -0.093200 83.578445 0.936986 0.043183 0.346689 6.974937 0.000000 0.000000 0.000000 1.000000
0.369297 -0.087455 -0.925187 6.073861 -0.008883 0.995184 -0.097617 83.503059 0.929269 0.044269 0.366741 6.788856 0.000000 0.000000 0.000000 1.000000
0.389898 -0.089242 -0.916523 5.618320 -0.002628 0.995181 -0.098019 83.016380 0.920854 0.040626 0.387785 6.405940 0.000000 0.000000 0.000000 1.000000
0.416155 -0.089073 -0.904920 4.876593 0.006895 0.995471 -0.094816 82.309006 0.909267 0.033219 0.414885 5.869722 0.000000 0.000000 0.000000 1.000000
0.442462 -0.088397 -0.892420 3.840886 0.019216 0.995836 -0.089113 81.132576 0.896581 0.022281 0.442318 5.083260 0.000000 0.000000 0.000000 1.000000
0.462066 -0.085495 -0.882715 2.862623 0.027505 0.996245 -0.082094 79.647415 0.886419 0.013654 0.462683 4.081679 0.000000 0.000000 0.000000 1.000000
0.472135 -0.079705 -0.877915 2.418986 0.033741 0.996808 -0.072354 78.394310 0.880880 0.004539 0.473317 2.998569 0.000000 0.000000 0.000000 1.000000
0.479922 -0.069752 -0.874534 0.995437 0.038060 0.997551 -0.058678 77.228088 0.876485 -0.005124 0.481401 1.522590 0.000000 0.000000 0.000000 1.000000
0.483490 -0.058876 -0.873368 0.000093 0.037780 0.998209 -0.046378 76.722786 0.874534 -0.010572 0.484849 -0.001205 0.000000 0.000000 0.000000 1.000000</float_array><technique_common><accessor source="#Hips-Matrix-animation-output-transform-array" count="35" stride="16"><param type="float4x4"/></accessor></technique_common></source><source id="Hips-Interpolations"><Name_array id="Hips-Interpolations-array" count="35">
 LINEAR LINEAR LINEAR LINEAR LINEAR LINEAR LINEAR LINEAR LINEAR LINEAR LINEAR
LINEAR LINEAR LINEAR LINEAR LINEAR LINEAR LINEAR LINEAR LINEAR LINEAR LINEAR LINEAR
LINEAR LINEAR LINEAR LINEAR LINEAR LINEAR LINEAR LINEAR LINEAR LINEAR LINEAR LINEAR</Name_array><technique_common><accessor source="#Hips-Interpolations-array" count="35"><param type="name"/></accessor></technique_common></source><sampler id="Hips-Matrix-animation-transform"><input semantic="INPUT" source="#Hips-Matrix-animation-input"/><input semantic="OUTPUT" source="#Hips-Matrix-animation-output-transform"/><input semantic="INTERPOLATION" source="#Hips-Interpolations"/></sampler><channel source="#Hips-Matrix-animation-transform" target="Hips/matrix"/></animation>
    <animation id="Spine-anim" name="Spine"><source id="Spine-Matrix-animation-input"><float_array id="Spine-Matrix-animation-input-array" count="35">

0.000000 0.033333 0.066667 0.100000 0.133333 0.166667 0.200000 0.233333 0.266667 0.300000 0.333333 0.366667 0.400000 0.433333 0.466667 0.500000
0.533333 0.566667 0.600000 0.633333 0.666667 0.700000 0.733333 0.766667 0.800000 0.833333 0.866667 0.900000 0.933333 0.966667 1.000000 1.033333
1.066667 1.100000 1.133333</float_array><technique_common><accessor source="#Spine-Matrix-animation-input-array" count="35"><param name="TIME" type="float"/></accessor></technique_common></source><source id="Spine-Matrix-animation-output-transform"><float_array id="Spine-Matrix-animation-output-transform-array" count="560">

0.997365 0.034960 -0.063568 0.017300 -0.052184 0.954424 -0.293855 10.574800 0.050397 0.296398 0.953734 -1.117200 0.000000 0.000000 0.000000 1.000000
0.996707 0.044451 -0.067815 0.017300 -0.063151 0.950142 -0.305357 10.574800 0.050860 0.308634 0.949820 -1.117200 0.000000 0.000000 0.000000 1.000000
0.995981 0.056936 -0.069135 0.017300 -0.076259 0.943922 -0.321241 10.574800 0.046968 0.325223 0.944470 -1.117200 0.000000 0.000000 0.000000 1.000000
0.995633 0.062320 -0.069509 0.017300 -0.082312 0.937301 -0.338661 10.574800 0.044046 0.342904 0.938337 -1.117200 0.000000 0.000000 0.000000 1.000000
0.995269 0.070245 -0.067115 0.017300 -0.089399 0.932618 -0.349617 10.574800 0.038033 0.353963 0.934486 -1.117200 0.000000 0.000000 0.000000 1.000000
0.994966 0.083997 -0.054656 0.017300 -0.098014 0.929301 -0.356080 10.574800 0.020882 0.359645 0.932856 -1.117200 0.000000 0.000000 0.000000 1.000000
0.994343 0.098822 -0.038950 0.017300 -0.106220 0.926284 -0.361545 10.574800 0.000350 0.363637 0.931541 -1.117200 0.000000 0.000000 0.000000 1.000000
0.993788 0.105920 -0.034141 0.017300 -0.111028 0.922802 -0.368931 10.574800 -0.007572 0.370430 0.928830 -1.117200 0.000000 0.000000 0.000000 1.000000
0.993467 0.109758 -0.031259 0.017300 -0.113401 0.918672 -0.378394 10.574800 -0.012815 0.379467 0.925116 -1.117200 0.000000 0.000000 0.000000 1.000000
0.993219 0.113801 -0.023762 0.017300 -0.114130 0.915578 -0.385606 10.574800 -0.022127 0.385703 0.922357 -1.117200 0.000000 0.000000 0.000000 1.000000
0.993227 0.115485 -0.012743 0.017300 -0.111457 0.916076 -0.385204 10.574800 -0.032812 0.384015 0.922744 -1.117200 0.000000 0.000000 0.000000 1.000000
0.993301 0.115510 -0.003133 0.017300 -0.107726 0.915874 -0.386742 10.574800 -0.041803 0.384489 0.922183 -1.117200 0.000000 0.000000 0.000000 1.000000
0.993228 0.115796 0.009412 0.017300 -0.102900 0.914430 -0.391444 10.574800 -0.053934 0.387825 0.920154 -1.117200 0.000000 0.000000 0.000000 1.000000
0.993025 0.115686 0.022766 0.017300 -0.097373 0.913548 -0.394903 10.574800 -0.066483 0.389931 0.918441 -1.117200 0.000000 0.000000 0.000000 1.000000
0.992826 0.113213 0.038455 0.017300 -0.088980 0.914431 -0.394839 10.574800 -0.079865 0.388585 0.917945 -1.117200 0.000000 0.000000 0.000000 1.000000
0.992142 0.110501 0.058685 0.017300 -0.078544 0.915171 -0.395339 10.574800 -0.097392 0.387623 0.916659 -1.117200 0.000000 0.000000 0.000000 1.000000
0.991612 0.107845 0.071235 0.017300 -0.070543 0.913416 -0.400867 10.574800 -0.108298 0.392480 0.913363 -1.117200 0.000000 0.000000 0.000000 1.000000
0.991852 0.107343 0.068614 0.017300 -0.069893 0.908777 -0.411386 10.574800 -0.106514 0.403238 0.908875 -1.117200 0.000000 0.000000 0.000000 1.000000
0.993188 0.102890 0.054690 0.017300 -0.071078 0.906883 -0.415345 10.574800 -0.092332 0.408629 0.908018 -1.117200 0.000000 0.000000 0.000000 1.000000
0.994711 0.091210 0.047239 0.017300 -0.063215 0.906076 -0.418366 10.574800 -0.080961 0.413167 0.907049 -1.117200 0.000000 0.000000 0.000000 1.000000
0.995649 0.084473 0.039349 0.017300 -0.059754 0.902742 -0.426013 10.574800 -0.071509 0.421807 0.903861 -1.117200 0.000000 0.000000 0.000000 1.000000
0.996659 0.076836 0.027706 0.017300 -0.057948 0.904224 -0.423109 10.574800 -0.057563 0.420090 0.905655 -1.117200 0.000000 0.000000 0.000000 1.000000
0.997946 0.060248 0.021762 0.017300 -0.046107 0.911409 -0.408910 10.574800 -0.044470 0.407066 0.912315 -1.117200 0.000000 0.000000 0.000000 1.000000
0.998966 0.043367 0.013617 0.017300 -0.034583 0.919538 -0.391477 10.574800 -0.029498 0.390601 0.920087 -1.117200 0.000000 0.000000 0.000000 1.000000
0.999505 0.031118 0.004674 0.017300 -0.027207 0.929237 -0.368481 10.574800 -0.015810 0.368172 0.929623 -1.117200 0.000000 0.000000 0.000000 1.000000
0.999619 0.027536 -0.002147 0.017300 -0.026619 0.939775 -0.340755 10.574800 -0.007366 0.340682 0.940150 -1.117200 0.000000 0.000000 0.000000 1.000000
0.999588 0.026886 -0.010040 0.017300 -0.028672 0.950900 -0.308167 10.574800 0.001262 0.308328 0.951279 -1.117200 0.000000 0.000000 0.000000 1.000000
0.999260 0.033022 -0.019734 0.017300 -0.037251 0.958695 -0.281988 10.574800 0.009607 0.282514 0.959215 -1.117200 0.000000 0.000000 0.000000 1.000000
0.998700 0.042130 -0.028686 0.017300 -0.048294 0.962123 -0.268304 10.574800 0.016296 0.269341 0.962907 -1.117200 0.000000 0.000000 0.000000 1.000000
0.997972 0.049170 -0.040419 0.017300 -0.058084 0.963219 -0.262365 10.574800 0.026032 0.264181 0.964122 -1.117200 0.000000 0.000000 0.000000 1.000000
0.997177 0.053835 -0.052348 0.017300 -0.065730 0.962860 -0.261878 10.574800 0.036305 0.264580 0.963680 -1.117200 0.000000 0.000000 0.000000 1.000000
0.996833 0.052587 -0.059655 0.017300 -0.066528 0.962421 -0.263287 10.574800 0.043567 0.266422 0.962871 -1.117200 0.000000 0.000000 0.000000 1.000000
0.996783 0.050251 -0.062438 0.017300 -0.065275 0.961027 -0.268636 10.574800 0.046506 0.271848 0.961216 -1.117200 0.000000 0.000000 0.000000 1.000000
0.996922 0.044119 -0.064814 0.017300 -0.060562 0.958322 -0.279196 10.574800 0.049795 0.282261 0.958044 -1.117200 0.000000 0.000000 0.000000 1.000000
0.997365 0.034960 -0.063568 0.017300 -0.052184 0.954424 -0.293855 10.574800 0.050398 0.296398 0.953734 -1.117200 0.000000 0.000000 0.000000 1.000000</float_array><technique_common><accessor source="#Spine-Matrix-animation-output-transform-array" count="35" stride="16"><param type="float4x4"/></accessor></technique_common></source><source id="Spine-Interpolations"><Name_array id="Spine-Interpolations-array" count="35">
 LINEAR LINEAR LINEAR LINEAR LINEAR LINEAR LINEAR LINEAR LINEAR LINEAR LINEAR
LINEAR LINEAR LINEAR LINEAR LINEAR LINEAR LINEAR LINEAR LINEAR LINEAR LINEAR LINEAR
LINEAR LINEAR LINEAR LINEAR LINEAR LINEAR LINEAR LINEAR LINEAR LINEAR LINEAR LINEAR</Name_array><technique_common><accessor source="#Spine-Interpolations-array" count="35"><param type="name"/></accessor></technique_common></source><sampler id="Spine-Matrix-animation-transform"><input semantic="INPUT" source="#Spine-Matrix-animation-input"/><input semantic="OUTPUT" source="#Spine-Matrix-animation-output-transform"/><input semantic="INTERPOLATION" source="#Spine-Interpolations"/></sampler><channel source="#Spine-Matrix-animation-transform" target="Spine/matrix"/></animation>
    <animation id="Spine1-anim" name="Spine1"><source id="Spine1-Matrix-animation-input"><float_array id="Spine1-Matrix-animation-input-array" count="35">

0.000000 0.033333 0.066667 0.100000 0.133333 0.166667 0.200000 0.233333 0.266667 0.300000 0.333333 0.366667 0.400000 0.433333 0.466667 0.500000
0.533333 0.566667 0.600000 0.633333 0.666667 0.700000 0.733333 0.766667 0.800000 0.833333 0.866667 0.900000 0.933333 0.966667 1.000000 1.033333
1.066667 1.100000 1.133333</float_array><technique_common><accessor source="#Spine1-Matrix-animation-input-array" count="35"><param name="TIME" type="float"/></accessor></technique_common></source><source id="Spine1-Matrix-animation-output-transform"><float_array id="Spine1-Matrix-animation-output-transform-array" count="560">

0.999701 0.020900 -0.012701 0.019000 -0.021186 0.999517 -0.022756 12.337300 0.012219 0.023018 0.999660 -1.303400 0.000000 0.000000 0.000000 1.000000
0.999518 0.028621 -0.012002 0.019000 -0.028867 0.999365 -0.020876 12.337300 0.011397 0.021212 0.999710 -1.303400 0.000000 0.000000 0.000000 1.000000
0.999296 0.036157 -0.010025 0.019000 -0.036353 0.999137 -0.020109 12.337300 0.009289 0.020460 0.999748 -1.303400 0.000000 0.000000 0.000000 1.000000
0.999161 0.040044 -0.008537 0.019000 -0.040210 0.998987 -0.020211 12.337300 0.007719 0.020538 0.999759 -1.303400 0.000000 0.000000 0.000000 1.000000
0.999086 0.042252 -0.006525 0.019000 -0.042373 0.998907 -0.019710 12.337300 0.005685 0.019968 0.999784 -1.303400 0.000000 0.000000 0.000000 1.000000
0.999034 0.043900 -0.001711 0.019000 -0.043925 0.998853 -0.019084 12.337300 0.000872 0.019141 0.999816 -1.303400 0.000000 0.000000 0.000000 1.000000
0.999016 0.044190 0.003701 0.019000 -0.044111 0.998843 -0.019138 12.337300 -0.004542 0.018956 0.999810 -1.303400 0.000000 0.000000 0.000000 1.000000
0.999004 0.044252 0.005733 0.019000 -0.044133 0.998838 -0.019386 12.337300 -0.006584 0.019114 0.999796 -1.303400 0.000000 0.000000 0.000000 1.000000
0.998999 0.044183 0.007050 0.019000 -0.044032 0.998823 -0.020331 12.337300 -0.007940 0.020000 0.999768 -1.303400 0.000000 0.000000 0.000000 1.000000
0.998996 0.043789 0.009459 0.019000 -0.043580 0.998823 -0.021280 12.337300 -0.010379 0.020846 0.999729 -1.303400 0.000000 0.000000 0.000000 1.000000
0.998975 0.043540 0.012376 0.019000 -0.043267 0.998832 -0.021514 12.337300 -0.013298 0.020956 0.999692 -1.303400 0.000000 0.000000 0.000000 1.000000
0.998951 0.043279 0.014983 0.019000 -0.042953 0.998848 -0.021417 12.337300 -0.015892 0.020751 0.999658 -1.303400 0.000000 0.000000 0.000000 1.000000
0.998913 0.042767 0.018538 0.019000 -0.042370 0.998874 -0.021323 12.337300 -0.019429 0.020514 0.999601 -1.303400 0.000000 0.000000 0.000000 1.000000
0.998869 0.042072 0.022165 0.019000 -0.041602 0.998909 -0.021224 12.337300 -0.023034 0.020277 0.999529 -1.303400 0.000000 0.000000 0.000000 1.000000
0.998883 0.039582 0.025792 0.019000 -0.039063 0.999030 -0.020322 12.337300 -0.026571 0.019292 0.999461 -1.303400 0.000000 0.000000 0.000000 1.000000
0.998915 0.035355 0.030306 0.019000 -0.034788 0.999213 -0.019033 12.337300 -0.030955 0.017958 0.999359 -1.303400 0.000000 0.000000 0.000000 1.000000
0.998958 0.031573 0.032962 0.019000 -0.030983 0.999353 -0.018264 12.337300 -0.033518 0.017224 0.999290 -1.303400 0.000000 0.000000 0.000000 1.000000
0.999061 0.029100 0.032089 0.019000 -0.028533 0.999431 -0.017990 12.337300 -0.032594 0.017058 0.999323 -1.303400 0.000000 0.000000 0.000000 1.000000
0.999265 0.026565 0.027621 0.019000 -0.026086 0.999505 -0.017562 12.337300 -0.028074 0.016829 0.999464 -1.303400 0.000000 0.000000 0.000000 1.000000
0.999422 0.023827 0.024266 0.019000 -0.023426 0.999586 -0.016703 12.337300 -0.024653 0.016125 0.999566 -1.303400 0.000000 0.000000 0.000000 1.000000
0.999512 0.022545 0.021613 0.019000 -0.022196 0.999621 -0.016266 12.337300 -0.021971 0.015778 0.999634 -1.303400 0.000000 0.000000 0.000000 1.000000
0.999611 0.021640 0.017621 0.019000 -0.021326 0.999614 -0.017818 12.337300 -0.017999 0.017435 0.999686 -1.303400 0.000000 0.000000 0.000000 1.000000
0.999692 0.020377 0.014192 0.019000 -0.020104 0.999616 -0.019087 12.337300 -0.014575 0.018796 0.999717 -1.303400 0.000000 0.000000 0.000000 1.000000
0.999784 0.018170 0.010084 0.019000 -0.017971 0.999649 -0.019481 12.337300 -0.010434 0.019295 0.999759 -1.303400 0.000000 0.000000 0.000000 1.000000
0.999863 0.015454 0.006005 0.019000 -0.015330 0.999680 -0.020109 12.337300 -0.006314 0.020015 0.999780 -1.303400 0.000000 0.000000 0.000000 1.000000
0.999906 0.013315 0.003166 0.019000 -0.013245 0.999687 -0.021237 12.337300 -0.003448 0.021194 0.999769 -1.303400 0.000000 0.000000 0.000000 1.000000
0.999946 0.010346 0.000092 0.019000 -0.010341 0.999684 -0.022906 12.337300 -0.000329 0.022904 0.999738 -1.303400 0.000000 0.000000 0.000000 1.000000
0.999967 0.007567 -0.002913 0.019000 -0.007635 0.999679 -0.024138 12.337300 0.002729 0.024159 0.999704 -1.303400 0.000000 0.000000 0.000000 1.000000
0.999968 0.006052 -0.005218 0.019000 -0.006180 0.999675 -0.024716 12.337300 0.005067 0.024747 0.999681 -1.303400 0.000000 0.000000 0.000000 1.000000
0.999950 0.005746 -0.008162 0.019000 -0.005948 0.999671 -0.024958 12.337300 0.008016 0.025005 0.999655 -1.303400 0.000000 0.000000 0.000000 1.000000
0.999909 0.007893 -0.010942 0.019000 -0.008160 0.999664 -0.024598 12.337300 0.010744 0.024685 0.999638 -1.303400 0.000000 0.000000 0.000000 1.000000
0.999863 0.010620 -0.012662 0.019000 -0.010927 0.999642 -0.024437 12.337300 0.012398 0.024572 0.999621 -1.303400 0.000000 0.000000 0.000000 1.000000
0.999823 0.013518 -0.013059 0.019000 -0.013823 0.999626 -0.023601 12.337300 0.012735 0.023778 0.999636 -1.303400 0.000000 0.000000 0.000000 1.000000
0.999759 0.017461 -0.013280 0.019000 -0.017758 0.999587 -0.022584 12.337300 0.012880 0.022814 0.999657 -1.303400 0.000000 0.000000 0.000000 1.000000
0.999701 0.020900 -0.012701 0.019000 -0.021186 0.999517 -0.022756 12.337300 0.012219 0.023018 0.999660 -1.303400 0.000000 0.000000 0.000000 1.000000</float_array><technique_common><accessor source="#Spine1-Matrix-animation-output-transform-array" count="35" stride="16"><param type="float4x4"/></accessor></technique_common></source><source id="Spine1-Interpolations"><Name_array id="Spine1-Interpolations-array" count="35">
 LINEAR LINEAR LINEAR LINEAR LINEAR LINEAR LINEAR LINEAR LINEAR LINEAR LINEAR
LINEAR LINEAR LINEAR LINEAR LINEAR LINEAR LINEAR LINEAR LINEAR LINEAR LINEAR LINEAR
LINEAR LINEAR LINEAR LINEAR LINEAR LINEAR LINEAR LINEAR LINEAR LINEAR LINEAR LINEAR</Name_array><technique_common><accessor source="#Spine1-Interpolations-array" count="35"><param type="name"/></accessor></technique_common></source><sampler id="Spine1-Matrix-animation-transform"><input semantic="INPUT" source="#Spine1-Matrix-animation-input"/><input semantic="OUTPUT" source="#Spine1-Matrix-animation-output-transform"/><input semantic="INTERPOLATION" source="#Spine1-Interpolations"/></sampler><channel source="#Spine1-Matrix-animation-transform" target="Spine1/matrix"/></animation>
    <animation id="Spine2-anim" name="Spine2"><source id="Spine2-Matrix-animation-input"><float_array id="Spine2-Matrix-animation-input-array" count="35">

0.000000 0.033333 0.066667 0.100000 0.133333 0.166667 0.200000 0.233333 0.266667 0.300000 0.333333 0.366667 0.400000 0.433333 0.466667 0.500000
0.533333 0.566667 0.600000 0.633333 0.666667 0.700000 0.733333 0.766667 0.800000 0.833333 0.866667 0.900000 0.933333 0.966667 1.000000 1.033333
1.066667 1.100000 1.133333</float_array><technique_common><accessor source="#Spine2-Matrix-animation-input-array" count="35"><param name="TIME" type="float"/></accessor></technique_common></source><source id="Spine2-Matrix-animation-output-transform"><float_array id="Spine2-Matrix-animation-output-transform-array" count="560">

0.999714 0.020764 -0.011886 0.021700 -0.021032 0.999516 -0.022919 14.099800 0.011404 0.023163 0.999667 -1.489600 0.000000 0.000000 0.000000 1.000000
0.999533 0.028594 -0.010816 0.021700 -0.028818 0.999363 -0.021072 14.099800 0.010206 0.021374 0.999719 -1.489600 0.000000 0.000000 0.000000 1.000000
0.999306 0.036274 -0.008425 0.021700 -0.036439 0.999130 -0.020298 14.099800 0.007681 0.020591 0.999758 -1.489600 0.000000 0.000000 0.000000 1.000000
0.999167 0.040267 -0.006642 0.021700 -0.040395 0.998976 -0.020370 14.099800 0.005815 0.020621 0.999770 -1.489600 0.000000 0.000000 0.000000 1.000000
0.999083 0.042577 -0.004448 0.021700 -0.042657 0.998893 -0.019807 14.099800 0.003600 0.019978 0.999794 -1.489600 0.000000 0.000000 0.000000 1.000000
0.999014 0.044392 0.000476 0.021700 -0.044375 0.998834 -0.019021 14.099800 -0.001320 0.018981 0.999819 -1.489600 0.000000 0.000000 0.000000 1.000000
0.998976 0.044850 0.005902 0.021700 -0.044732 0.998820 -0.018889 14.099800 -0.006743 0.018605 0.999804 -1.489600 0.000000 0.000000 0.000000 1.000000
0.998955 0.045004 0.007959 0.021700 -0.044846 0.998812 -0.019064 14.099800 -0.008807 0.018687 0.999787 -1.489600 0.000000 0.000000 0.000000 1.000000
0.998944 0.044988 0.009304 0.021700 -0.044796 0.998797 -0.019967 14.099800 -0.010191 0.019529 0.999757 -1.489600 0.000000 0.000000 0.000000 1.000000
0.998933 0.044680 0.011699 0.021700 -0.044430 0.998795 -0.020847 14.099800 -0.012617 0.020305 0.999714 -1.489600 0.000000 0.000000 0.000000 1.000000
0.998903 0.044513 0.014575 0.021700 -0.044202 0.998802 -0.021003 14.099800 -0.015492 0.020336 0.999673 -1.489600 0.000000 0.000000 0.000000 1.000000
0.998870 0.044326 0.017168 0.021700 -0.043965 0.998816 -0.020846 14.099800 -0.018072 0.020068 0.999635 -1.489600 0.000000 0.000000 0.000000 1.000000
0.998820 0.043920 0.020726 0.021700 -0.043491 0.998840 -0.020674 14.099800 -0.021609 0.019748 0.999571 -1.489600 0.000000 0.000000 0.000000 1.000000
0.998764 0.043327 0.024342 0.021700 -0.042832 0.998872 -0.020499 14.099800 -0.025203 0.019431 0.999493 -1.489600 0.000000 0.000000 0.000000 1.000000
0.998775 0.040890 0.027854 0.021700 -0.040353 0.998994 -0.019564 14.099800 -0.028626 0.018416 0.999421 -1.489600 0.000000 0.000000 0.000000 1.000000
0.998808 0.036712 0.032173 0.021700 -0.036138 0.999180 -0.018260 14.099800 -0.032817 0.017076 0.999315 -1.489600 0.000000 0.000000 0.000000 1.000000
0.998855 0.032964 0.034684 0.021700 -0.032372 0.999322 -0.017514 14.099800 -0.035238 0.016371 0.999245 -1.489600 0.000000 0.000000 0.000000 1.000000
0.998966 0.030462 0.033741 0.021700 -0.029890 0.999403 -0.017331 14.099800 -0.034249 0.016305 0.999280 -1.489600 0.000000 0.000000 0.000000 1.000000
0.999190 0.027763 0.029143 0.021700 -0.027275 0.999483 -0.017008 14.099800 -0.029600 0.016200 0.999431 -1.489600 0.000000 0.000000 0.000000 1.000000
0.999361 0.024880 0.025650 0.021700 -0.024467 0.999568 -0.016281 14.099800 -0.026043 0.015643 0.999538 -1.489600 0.000000 0.000000 0.000000 1.000000
0.999460 0.023512 0.022951 0.021700 -0.023150 0.999605 -0.015917 14.099800 -0.023316 0.015377 0.999610 -1.489600 0.000000 0.000000 0.000000 1.000000
0.999569 0.022489 0.018852 0.021700 -0.022158 0.999600 -0.017549 14.099800 -0.019239 0.017124 0.999668 -1.489600 0.000000 0.000000 0.000000 1.000000
0.999661 0.021096 0.015286 0.021700 -0.020805 0.999605 -0.018894 14.099800 -0.015678 0.018570 0.999705 -1.489600 0.000000 0.000000 0.000000 1.000000
0.999764 0.018718 0.011011 0.021700 -0.018502 0.999641 -0.019361 14.099800 -0.011369 0.019153 0.999752 -1.489600 0.000000 0.000000 0.000000 1.000000
0.999852 0.015824 0.006735 0.021700 -0.015686 0.999676 -0.020048 14.099800 -0.007050 0.019939 0.999776 -1.489600 0.000000 0.000000 0.000000 1.000000
0.999901 0.013558 0.003734 0.021700 -0.013476 0.999684 -0.021203 14.099800 -0.004020 0.021150 0.999768 -1.489600 0.000000 0.000000 0.000000 1.000000
0.999945 0.010453 0.000475 0.021700 -0.010439 0.999683 -0.022897 14.099800 -0.000714 0.022891 0.999738 -1.489600 0.000000 0.000000 0.000000 1.000000
0.999968 0.007550 -0.002690 0.021700 -0.007613 0.999679 -0.024152 14.099800 0.002507 0.024172 0.999705 -1.489600 0.000000 0.000000 0.000000 1.000000
0.999969 0.005952 -0.005091 0.021700 -0.006076 0.999675 -0.024749 14.099800 0.004942 0.024779 0.999681 -1.489600 0.000000 0.000000 0.000000 1.000000
0.999952 0.005561 -0.008068 0.021700 -0.005761 0.999670 -0.025019 14.099800 0.007926 0.025064 0.999654 -1.489600 0.000000 0.000000 0.000000 1.000000
0.999913 0.007654 -0.010776 0.021700 -0.007918 0.999664 -0.024696 14.099800 0.010584 0.024779 0.999637 -1.489600 0.000000 0.000000 0.000000 1.000000
0.999870 0.010363 -0.012384 0.021700 -0.010665 0.999641 -0.024566 14.099800 0.012125 0.024695 0.999621 -1.489600 0.000000 0.000000 0.000000 1.000000
0.999832 0.013283 -0.012652 0.021700 -0.013581 0.999626 -0.023745 14.099800 0.012332 0.023913 0.999638 -1.489600 0.000000 0.000000 0.000000 1.000000
0.999771 0.017267 -0.012676 0.021700 -0.017552 0.999587 -0.022745 14.099800 0.012278 0.022962 0.999661 -1.489600 0.000000 0.000000 0.000000 1.000000
0.999714 0.020764 -0.011886 0.021700 -0.021032 0.999516 -0.022919 14.099800 0.011404 0.023163 0.999667 -1.489600 0.000000 0.000000 0.000000 1.000000</float_array><technique_common><accessor source="#Spine2-Matrix-animation-output-transform-array" count="35" stride="16"><param type="float4x4"/></accessor></technique_common></source><source id="Spine2-Interpolations"><Name_array id="Spine2-Interpolations-array" count="35">
 LINEAR LINEAR LINEAR LINEAR LINEAR LINEAR LINEAR LINEAR LINEAR LINEAR LINEAR
LINEAR LINEAR LINEAR LINEAR LINEAR LINEAR LINEAR LINEAR LINEAR LINEAR LINEAR LINEAR
LINEAR LINEAR LINEAR LINEAR LINEAR LINEAR LINEAR LINEAR LINEAR LINEAR LINEAR LINEAR</Name_array><technique_common><accessor source="#Spine2-Interpolations-array" count="35"><param type="name"/></accessor></technique_common></source><sampler id="Spine2-Matrix-animation-transform"><input semantic="INPUT" source="#Spine2-Matrix-animation-input"/><input semantic="OUTPUT" source="#Spine2-Matrix-animation-output-transform"/><input semantic="INTERPOLATION" source="#Spine2-Interpolations"/></sampler><channel source="#Spine2-Matrix-animation-transform" target="Spine2/matrix"/></animation>
    <animation id="Neck-anim" name="Neck"><source id="Neck-Matrix-animation-input"><float_array id="Neck-Matrix-animation-input-array" count="35">

0.000000 0.033333 0.066667 0.100000 0.133333 0.166667 0.200000 0.233333 0.266667 0.300000 0.333333 0.366667 0.400000 0.433333 0.466667 0.500000
0.533333 0.566667 0.600000 0.633333 0.666667 0.700000 0.733333 0.766667 0.800000 0.833333 0.866667 0.900000 0.933333 0.966667 1.000000 1.033333
1.066667 1.100000 1.133333</float_array><technique_common><accessor source="#Neck-Matrix-animation-input-array" count="35"><param name="TIME" type="float"/></accessor></technique_common></source><source id="Neck-Matrix-animation-output-transform"><float_array id="Neck-Matrix-animation-output-transform-array" count="560">

0.963184 0.030798 0.267072 0.024400 -0.020290 0.998911 -0.042016 15.862300 -0.268076 0.035050 0.962760 -1.675800 0.000000 0.000000 0.000000 1.000000
0.962109 0.034941 0.270418 0.024400 -0.027083 0.999097 -0.032735 15.862300 -0.271317 0.024170 0.962186 -1.675800 0.000000 0.000000 0.000000 1.000000
0.961878 0.040142 0.270516 0.024400 -0.032852 0.998966 -0.031423 15.862300 -0.271497 0.021338 0.962203 -1.675800 0.000000 0.000000 0.000000 1.000000
0.961533 0.044078 0.271131 0.024400 -0.036563 0.998796 -0.032707 15.862300 -0.272247 0.021535 0.961986 -1.675800 0.000000 0.000000 0.000000 1.000000
0.962017 0.040183 0.270016 0.024400 -0.032792 0.998955 -0.031831 15.862300 -0.271013 0.021768 0.962329 -1.675800 0.000000 0.000000 0.000000 1.000000
0.962953 0.036634 0.267169 0.024400 -0.029587 0.999101 -0.030356 15.862300 -0.268041 0.021327 0.963172 -1.675800 0.000000 0.000000 0.000000 1.000000
0.963476 0.037364 0.265177 0.024400 -0.031017 0.999124 -0.028084 15.862300 -0.265994 0.018833 0.963791 -1.675800 0.000000 0.000000 0.000000 1.000000
0.963417 0.038449 0.265235 0.024400 -0.032599 0.999119 -0.026427 15.862300 -0.266017 0.016813 0.963822 -1.675800 0.000000 0.000000 0.000000 1.000000
0.963787 0.039614 0.263715 0.024400 -0.034260 0.999103 -0.024871 15.862300 -0.264464 0.014936 0.964280 -1.675800 0.000000 0.000000 0.000000 1.000000
0.964298 0.040224 0.261745 0.024400 -0.035477 0.999110 -0.022837 15.862300 -0.262431 0.012735 0.964867 -1.675800 0.000000 0.000000 0.000000 1.000000
0.964800 0.038305 0.260182 0.024400 -0.034106 0.999205 -0.020636 15.862300 -0.260765 0.011036 0.965339 -1.675800 0.000000 0.000000 0.000000 1.000000
0.965037 0.036237 0.259599 0.024400 -0.032993 0.999314 -0.016845 15.862300 -0.260031 0.007691 0.965570 -1.675800 0.000000 0.000000 0.000000 1.000000
0.965293 0.033775 0.258975 0.024400 -0.031853 0.999425 -0.011616 15.862300 -0.259218 0.002964 0.965814 -1.675800 0.000000 0.000000 0.000000 1.000000
0.965236 0.029698 0.259687 0.024400 -0.030075 0.999544 -0.002521 15.862300 -0.259644 -0.005377 0.965690 -1.675800 0.000000 0.000000 0.000000 1.000000
0.964362 0.028803 0.263014 0.024400 -0.031672 0.999476 0.006676 15.862300 -0.262684 -0.014769 0.964769 -1.675800 0.000000 0.000000 0.000000 1.000000
0.963790 0.025183 0.265471 0.024400 -0.029362 0.999499 0.011783 15.862300 -0.265041 -0.019151 0.964047 -1.675800 0.000000 0.000000 0.000000 1.000000
0.964250 0.019048 0.264310 0.024400 -0.022844 0.999675 0.011296 15.862300 -0.264009 -0.016930 0.964372 -1.675800 0.000000 0.000000 0.000000 1.000000
0.964925 0.014642 0.262116 0.024400 -0.016935 0.999836 0.006491 15.862300 -0.261978 -0.010703 0.965014 -1.675800 0.000000 0.000000 0.000000 1.000000
0.965203 0.013458 0.261156 0.024400 -0.012715 0.999909 -0.004534 15.862300 -0.261194 0.001056 0.965286 -1.675800 0.000000 0.000000 0.000000 1.000000
0.965559 0.012013 0.259905 0.024400 -0.008547 0.999859 -0.014465 15.862300 -0.260042 0.011746 0.965526 -1.675800 0.000000 0.000000 0.000000 1.000000
0.965094 0.004657 0.261862 0.024400 -0.000994 0.999900 -0.014121 15.862300 -0.261902 0.013368 0.965002 -1.675800 0.000000 0.000000 0.000000 1.000000
0.964374 0.003952 0.264513 0.024400 -0.000409 0.999910 -0.013445 15.862300 -0.264543 0.012858 0.964288 -1.675800 0.000000 0.000000 0.000000 1.000000
0.964069 0.007057 0.265560 0.024400 -0.003188 0.999882 -0.014998 15.862300 -0.265634 0.013612 0.963978 -1.675800 0.000000 0.000000 0.000000 1.000000
0.963746 0.011269 0.266583 0.024400 -0.005782 0.999755 -0.021361 15.862300 -0.266759 0.019046 0.963575 -1.675800 0.000000 0.000000 0.000000 1.000000
0.963351 0.014069 0.267875 0.024400 -0.006525 0.999557 -0.029031 15.862300 -0.268165 0.026219 0.963016 -1.675800 0.000000 0.000000 0.000000 1.000000
0.962963 0.013885 0.269277 0.024400 -0.005460 0.999473 -0.032014 15.862300 -0.269579 0.029358 0.962531 -1.675800 0.000000 0.000000 0.000000 1.000000
0.962794 0.012811 0.269934 0.024400 -0.003998 0.999442 -0.033175 15.862300 -0.270208 0.030861 0.962307 -1.675800 0.000000 0.000000 0.000000 1.000000
0.962812 0.012739 0.269874 0.024400 -0.003380 0.999378 -0.035117 15.862300 -0.270153 0.032898 0.962255 -1.675800 0.000000 0.000000 0.000000 1.000000
0.962989 0.012038 0.269271 0.024400 -0.001841 0.999273 -0.038090 15.862300 -0.269533 0.036185 0.962311 -1.675800 0.000000 0.000000 0.000000 1.000000
0.963647 0.010789 0.266960 0.024400 0.000043 0.999178 -0.040537 15.862300 -0.267178 0.039075 0.962855 -1.675800 0.000000 0.000000 0.000000 1.000000
0.964355 0.008774 0.264465 0.024400 0.001623 0.999235 -0.039070 15.862300 -0.264605 0.038107 0.963604 -1.675800 0.000000 0.000000 0.000000 1.000000
0.964858 0.009872 0.262586 0.024400 -0.000114 0.999310 -0.037151 15.862300 -0.262771 0.035816 0.964193 -1.675800 0.000000 0.000000 0.000000 1.000000
0.965019 0.015174 0.261741 0.024400 -0.004911 0.999195 -0.039818 15.862300 -0.262134 0.037139 0.964316 -1.675800 0.000000 0.000000 0.000000 1.000000
0.964425 0.023104 0.263345 0.024400 -0.012299 0.999016 -0.042604 15.862300 -0.264070 0.037849 0.963761 -1.675800 0.000000 0.000000 0.000000 1.000000
0.963184 0.030798 0.267072 0.024400 -0.020290 0.998911 -0.042016 15.862300 -0.268076 0.035050 0.962760 -1.675800 0.000000 0.000000 0.000000 1.000000</float_array><technique_common><accessor source="#Neck-Matrix-animation-output-transform-array" count="35" stride="16"><param type="float4x4"/></accessor></technique_common></source><source id="Neck-Interpolations"><Name_array id="Neck-Interpolations-array" count="35">
 LINEAR LINEAR LINEAR LINEAR LINEAR LINEAR LINEAR LINEAR LINEAR LINEAR LINEAR
LINEAR LINEAR LINEAR LINEAR LINEAR LINEAR LINEAR LINEAR LINEAR LINEAR LINEAR LINEAR
LINEAR LINEAR LINEAR LINEAR LINEAR LINEAR LINEAR LINEAR LINEAR LINEAR LINEAR LINEAR</Name_array><technique_common><accessor source="#Neck-Interpolations-array" count="35"><param type="name"/></accessor></technique_common></source><sampler id="Neck-Matrix-animation-transform"><input semantic="INPUT" source="#Neck-Matrix-animation-input"/><input semantic="OUTPUT" source="#Neck-Matrix-animation-output-transform"/><input semantic="INTERPOLATION" source="#Neck-Interpolations"/></sampler><channel source="#Neck-Matrix-animation-transform" target="Neck/matrix"/></animation>
    <animation id="Head-anim" name="Head"><source id="Head-Matrix-animation-input"><float_array id="Head-Matrix-animation-input-array" count="35">

0.000000 0.033333 0.066667 0.100000 0.133333 0.166667 0.200000 0.233333 0.266667 0.300000 0.333333 0.366667 0.400000 0.433333 0.466667 0.500000
0.533333 0.566667 0.600000 0.633333 0.666667 0.700000 0.733333 0.766667 0.800000 0.833333 0.866667 0.900000 0.933333 0.966667 1.000000 1.033333
1.066667 1.100000 1.133333</float_array><technique_common><accessor source="#Head-Matrix-animation-input-array" count="35"><param name="TIME" type="float"/></accessor></technique_common></source><source id="Head-Matrix-animation-output-transform"><float_array id="Head-Matrix-animation-output-transform-array" count="560">

0.776768 0.104187 0.621110 0.000000 -0.175807 0.982887 0.054994 5.564000 -0.604751 -0.151913 0.781792 0.988100 0.000000 0.000000 0.000000 1.000000
0.774330 0.095303 0.625564 0.000000 -0.172465 0.982952 0.063728 5.564000 -0.608826 -0.157234 0.777566 0.988100 0.000000 0.000000 0.000000 1.000000
0.774389 0.091807 0.626013 0.000000 -0.176029 0.981615 0.073793 5.564000 -0.607729 -0.167341 0.776313 0.988100 0.000000 0.000000 0.000000 1.000000
0.772581 0.089699 0.628548 0.000000 -0.181052 0.979991 0.082688 5.564000 -0.608554 -0.177683 0.773363 0.988100 0.000000 0.000000 0.000000 1.000000
0.771901 0.086847 0.629783 -0.000000 -0.184979 0.978446 0.091795 5.564000 -0.608237 -0.187353 0.771328 0.988100 0.000000 0.000000 0.000000 1.000000
0.775094 0.083992 0.626238 -0.000000 -0.185334 0.977752 0.098250 5.564000 -0.604053 -0.192217 0.773416 0.988100 0.000000 0.000000 0.000000 1.000000
0.779787 0.079495 0.620977 0.000000 -0.182450 0.977705 0.103949 5.564000 -0.598869 -0.194356 0.776905 0.988100 0.000000 0.000000 0.000000 1.000000
0.779891 0.077923 0.621047 0.000000 -0.185126 0.976545 0.109949 5.564000 -0.597912 -0.200720 0.776023 0.988100 0.000000 0.000000 0.000000 1.000000
0.782516 0.079112 0.617584 0.000000 -0.188995 0.975276 0.114535 5.564000 -0.593253 -0.206346 0.778121 0.988100 0.000000 0.000000 0.000000 1.000000
0.785892 0.081188 0.613011 0.000000 -0.190790 0.974813 0.115491 5.564000 -0.588195 -0.207720 0.781587 0.988100 0.000000 0.000000 0.000000 1.000000
0.787190 0.084343 0.610916 0.000000 -0.191141 0.975191 0.111659 5.564000 -0.586343 -0.204668 0.783781 0.988100 0.000000 0.000000 0.000000 1.000000
0.786826 0.088714 0.610766 0.000000 -0.191996 0.975696 0.105621 5.564000 -0.586552 -0.200370 0.784735 0.988100 0.000000 0.000000 0.000000 1.000000
0.785427 0.094498 0.611697 -0.000000 -0.196638 0.975173 0.101836 5.564000 -0.586888 -0.200268 0.784510 0.988100 0.000000 0.000000 0.000000 1.000000
0.780936 0.102514 0.616140 0.000000 -0.203435 0.974398 0.095726 5.564000 -0.590553 -0.200101 0.781798 0.988100 0.000000 0.000000 0.000000 1.000000
0.774767 0.109719 0.622654 -0.000000 -0.205060 0.975197 0.083315 5.564000 -0.598069 -0.192231 0.778049 0.988100 0.000000 0.000000 0.000000 1.000000
0.767513 0.117698 0.630135 0.000000 -0.208186 0.975482 0.071370 5.564000 -0.606286 -0.185963 0.773198 0.988100 0.000000 0.000000 0.000000 1.000000
0.765159 0.124244 0.631739 0.000000 -0.211375 0.975294 0.064206 5.564000 -0.608154 -0.182662 0.772518 0.988100 0.000000 0.000000 0.000000 1.000000
0.766417 0.126365 0.629792 -0.000000 -0.213583 0.974805 0.064328 5.564000 -0.605795 -0.183815 0.774096 0.988100 0.000000 0.000000 0.000000 1.000000
0.765595 0.129108 0.630235 0.000000 -0.219154 0.973400 0.066815 5.564000 -0.604844 -0.189271 0.773524 0.988100 0.000000 0.000000 0.000000 1.000000
0.765795 0.131298 0.629538 0.000000 -0.220223 0.973288 0.064897 5.564000 -0.604201 -0.188336 0.774254 0.988100 0.000000 0.000000 0.000000 1.000000
0.758771 0.131039 0.638041 0.000000 -0.223981 0.972310 0.066673 5.564000 -0.611637 -0.193498 0.767111 0.988100 0.000000 0.000000 0.000000 1.000000
0.754010 0.128607 0.644150 0.000000 -0.227868 0.970961 0.072874 5.564000 -0.616073 -0.201729 0.761419 0.988100 0.000000 0.000000 0.000000 1.000000
0.753120 0.131458 0.644615 -0.000000 -0.228209 0.971195 0.068564 5.564000 -0.617033 -0.198744 0.761427 0.988100 0.000000 0.000000 0.000000 1.000000
0.753380 0.131580 0.644287 0.000000 -0.224679 0.972319 0.064151 5.564000 -0.618011 -0.193088 0.762089 0.988100 0.000000 0.000000 0.000000 1.000000
0.753443 0.128471 0.644840 0.000000 -0.218293 0.973974 0.061013 5.564000 -0.620219 -0.186733 0.761879 0.988100 0.000000 0.000000 0.000000 1.000000
