<?xml version="1.0" encoding="utf-8"?>
<COLLADA xmlns="http://www.collada.org/2005/11/COLLADASchema" version="1.4.1">
  <asset><contributor><author>Mixamo</author><authoring_tool>COLLADA Mixamo exporter</authoring_tool><comments></comments></contributor><created>2018-10-22T12:37:43Z</created><modified>2018-10-22T12:37:43Z</modified><revision></revision><title></title><unit meter="0.010000"/><up_axis>Y_UP</up_axis></asset>
  <library_animations>
    <animation id="Hips-anim" name="Hips"><source id="Hips-Matrix-animation-input"><float_array id="Hips-Matrix-animation-input-array" count="38">

0.000000 0.033333 0.066667 0.100000 0.133333 0.166667 0.200000 0.233333 0.266667 0.300000 0.333333 0.366667 0.400000 0.433333 0.466667 0.500000
0.533333 0.566667 0.600000 0.633333 0.666667 0.700000 0.733333 0.766667 0.800000 0.833333 0.866667 0.900000 0.933333 0.966667 1.000000 1.033333
1.066667 1.100000 1.133333 1.166667 1.200000 1.233333</float_array><technique_common><accessor source="#Hips-Matrix-animation-input-array" count="38"><param name="TIME" type="float"/></accessor></technique_common></source><source id="Hips-Matrix-animation-output-transform"><float_array id="Hips-Matrix-animation-output-transform-array" count="608">

0.999664 -0.025888 0.001264 0.000044 0.025858 0.999461 0.020221 91.746719 -0.001787 -0.020182 0.999795 -0.000052 0.000000 0.000000 0.000000 1.000000
0.999407 -0.022887 0.025710 0.121411 0.022463 0.999609 0.016676 91.744179 -0.026081 -0.016088 0.999530 0.608346 0.000000 0.000000 0.000000 1.000000
0.998658 -0.020656 0.047498 0.493750 0.020365 0.999771 0.006599 91.450401 -0.047623 -0.005623 0.998850 1.212657 0.000000 0.000000 0.000000 1.000000
0.997538 -0.018437 0.067659 0.962582 0.018922 0.999800 -0.006531 91.041466 -0.067525 0.007795 0.997687 1.840490 0.000000 0.000000 0.000000 1.000000
0.996007 -0.016276 0.087782 1.501903 0.018166 0.999619 -0.020775 90.555786 -0.087410 0.022286 0.995923 2.435256 0.000000 0.000000 0.000000 1.000000
0.993890 -0.014254 0.109454 2.085591 0.018097 0.999251 -0.034199 90.032181 -0.108885 0.035971 0.993403 2.940382 0.000000 0.000000 0.000000 1.000000
0.990867 -0.012489 0.134261 2.687198 0.018669 0.998818 -0.044873 89.510170 -0.133542 0.046969 0.989930 3.299223 0.000000 0.000000 0.000000 1.000000
0.986372 -0.012140 0.164081 3.334842 0.020294 0.998636 -0.048111 88.953049 -0.163273 0.050785 0.985273 3.174262 0.000000 0.000000 0.000000 1.000000
0.984482 -0.013023 0.175000 3.954258 0.022721 0.998308 -0.053528 88.621956 -0.174007 0.056674 0.983112 3.103626 0.000000 0.000000 0.000000 1.000000
0.984769 -0.016399 0.173093 4.812732 0.026146 0.998189 -0.054182 88.400330 -0.171891 0.057882 0.983414 3.021500 0.000000 0.000000 0.000000 1.000000
0.987373 -0.020504 0.157079 5.663185 0.029398 0.998080 -0.054508 88.400459 -0.155660 0.058438 0.986081 3.008293 0.000000 0.000000 0.000000 1.000000
0.991344 -0.024399 0.129005 6.449555 0.031922 0.997888 -0.056568 88.597855 -0.127352 0.060196 0.990029 2.728173 0.000000 0.000000 0.000000 1.000000
0.994828 -0.027778 0.097702 7.184961 0.033776 0.997610 -0.060286 88.935623 -0.095794 0.063274 0.993388 2.348320 0.000000 0.000000 0.000000 1.000000
0.997147 -0.029971 0.069276 7.846574 0.034603 0.997176 -0.066649 89.458755 -0.067083 0.068856 0.995369 1.955669 0.000000 0.000000 0.000000 1.000000
0.998481 -0.029158 0.046748 8.316327 0.032796 0.996331 -0.079048 90.475998 -0.044272 0.080462 0.995774 1.552679 0.000000 0.000000 0.000000 1.000000
0.999189 -0.030638 0.026128 8.615196 0.032823 0.995602 -0.087740 91.528801 -0.023325 0.088527 0.995801 1.342057 0.000000 0.000000 0.000000 1.000000
0.999425 -0.033506 0.005167 8.542984 0.033838 0.995243 -0.091362 91.782593 -0.002081 0.091485 0.995804 1.352623 0.000000 0.000000 0.000000 1.000000
0.999190 -0.036769 -0.016357 8.332123 0.035090 0.995025 -0.093238 91.723633 0.019704 0.092589 0.995509 1.409368 0.000000 0.000000 0.000000 1.000000
0.998464 -0.040190 -0.038142 8.056457 0.036448 0.994885 -0.094209 91.515770 0.041733 0.092674 0.994822 1.485862 0.000000 0.000000 0.000000 1.000000
0.997255 -0.043566 -0.059877 7.789650 0.037746 0.994750 -0.095122 91.322823 0.063707 0.092600 0.993663 1.555727 0.000000 0.000000 0.000000 1.000000
0.995556 -0.046859 -0.081683 7.510350 0.039011 0.994697 -0.095166 91.083366 0.085709 0.091556 0.992105 1.618797 0.000000 0.000000 0.000000 1.000000
0.993352 -0.049878 -0.103749 7.196115 0.040269 0.994876 -0.092735 90.713135 0.107843 0.087940 0.990271 1.664182 0.000000 0.000000 0.000000 1.000000
0.990679 -0.052142 -0.125842 6.803348 0.041813 0.995641 -0.083369 90.034698 0.129641 0.077330 0.988541 1.598828 0.000000 0.000000 0.000000 1.000000
0.987371 -0.055370 -0.148431 6.440713 0.044860 0.996304 -0.073247 89.368721 0.151938 0.065663 0.986206 1.564790 0.000000 0.000000 0.000000 1.000000
0.983058 -0.059467 -0.173378 5.951347 0.049203 0.996805 -0.062914 88.611603 0.176565 0.053318 0.982844 1.396065 0.000000 0.000000 0.000000 1.000000
0.977820 -0.059980 -0.200675 5.418453 0.050509 0.997369 -0.051993 87.866112 0.203265 0.040703 0.978277 1.041146 0.000000 0.000000 0.000000 1.000000
0.976284 -0.061860 -0.207469 4.829473 0.054261 0.997638 -0.042124 87.649223 0.209585 0.029868 0.977334 0.399799 0.000000 0.000000 0.000000 1.000000
0.975802 -0.063168 -0.209332 4.217094 0.057769 0.997823 -0.031813 87.609589 0.210886 0.018950 0.977327 -0.331935 0.000000 0.000000 0.000000 1.000000
0.976843 -0.064812 -0.203905 3.583888 0.061654 0.997859 -0.021806 87.746841 0.204882 0.008730 0.978748 -1.092947 0.000000 0.000000 0.000000 1.000000
0.979677 -0.067731 -0.188802 2.932224 0.066507 0.997704 -0.012818 88.060585 0.189237 0.000001 0.981931 -1.822099 0.000000 0.000000 0.000000 1.000000
0.984169 -0.072846 -0.161572 2.264622 0.072918 0.997323 -0.005497 88.550713 0.161539 -0.006371 0.986846 -2.458061 0.000000 0.000000 0.000000 1.000000
0.990978 -0.079274 -0.108066 1.595348 0.079714 0.996818 -0.000247 89.484474 0.107742 -0.008370 0.994144 -2.800564 0.000000 0.000000 0.000000 1.000000
0.994255 -0.076900 -0.074449 1.041082 0.077653 0.996954 0.007265 90.198723 0.073663 -0.013005 0.997198 -2.951746 0.000000 0.000000 0.000000 1.000000
0.995569 -0.067286 -0.065685 0.658063 0.068152 0.997614 0.011026 90.627457 0.064786 -0.015454 0.997779 -2.867728 0.000000 0.000000 0.000000 1.000000
0.996787 -0.057902 -0.055339 0.413660 0.058786 0.998166 0.014483 90.929832 0.054398 -0.017690 0.998363 -2.455775 0.000000 0.000000 0.000000 1.000000
0.997903 -0.048938 -0.042361 0.210335 0.049700 0.998617 0.017124 91.209259 0.041465 -0.019193 0.998956 -1.938567 0.000000 0.000000 0.000000 1.000000
0.998838 -0.039943 -0.026952 0.056362 0.040466 0.998997 0.019155 91.463470 0.026160 -0.020223 0.999453 -1.304632 0.000000 0.000000 0.000000 1.000000
0.999553 -0.029107 -0.006790 -0.016010 0.029241 0.999358 0.020704 91.714012 0.006183 -0.020893 0.999763 -0.505947 0.000000 0.000000 0.000000 1.000000</float_array><technique_common><accessor source="#Hips-Matrix-animation-output-transform-array" count="38" stride="16"><param type="float4x4"/></accessor></technique_common></source><source id="Hips-Interpolations"><Name_array id="Hips-Interpolations-array" count="38">
 LINEAR LINEAR LINEAR LINEAR LINEAR LINEAR LINEAR LINEAR LINEAR LINEAR LINEAR
LINEAR LINEAR LINEAR LINEAR LINEAR LINEAR LINEAR LINEAR LINEAR LINEAR LINEAR LINEAR
LINEAR LINEAR LINEAR LINEAR LINEAR LINEAR LINEAR LINEAR LINEAR LINEAR LINEAR LINEAR
LINEAR LINEAR LINEAR</Name_array><technique_common><accessor source="#Hips-Interpolations-array" count="38"><param type="name"/></accessor></technique_common></source><sampler id="Hips-Matrix-animation-transform"><input semantic="INPUT" source="#Hips-Matrix-animation-input"/><input semantic="OUTPUT" source="#Hips-Matrix-animation-output-transform"/><input semantic="INTERPOLATION" source="#Hips-Interpolations"/></sampler><channel source="#Hips-Matrix-animation-transform" target="Hips/matrix"/></animation>
    <animation id="Spine-anim" name="Spine"><source id="Spine-Matrix-animation-input"><float_array id="Spine-Matrix-animation-input-array" count="38">

0.000000 0.033333 0.066667 0.100000 0.133333 0.166667 0.200000 0.233333 0.266667 0.300000 0.333333 0.366667 0.400000 0.433333 0.466667 0.500000
0.533333 0.566667 0.600000 0.633333 0.666667 0.700000 0.733333 0.766667 0.800000 0.833333 0.866667 0.900000 0.933333 0.966667 1.000000 1.033333
1.066667 1.100000 1.133333 1.166667 1.200000 1.233333</float_array><technique_common><accessor source="#Spine-Matrix-animation-input-array" count="38"><param name="TIME" type="float"/></accessor></technique_common></source><source id="Spine-Matrix-animation-output-transform"><float_array id="Spine-Matrix-animation-output-transform-array" count="608">

0.987693 -0.038959 -0.151473 0.017300 -0.016154 0.937889 -0.346560 10.574800 0.155567 0.344742 0.925717 -1.117200 0.000000 0.000000 0.000000 1.000000
0.985478 -0.049587 -0.162402 0.017300 -0.010207 0.937383 -0.348150 10.574800 0.169497 0.344752 0.923264 -1.117200 0.000000 0.000000 0.000000 1.000000
0.983068 -0.058819 -0.173543 0.017300 -0.004674 0.938724 -0.344639 10.574800 0.183180 0.339615 0.922555 -1.117200 0.000000 0.000000 0.000000 1.000000
0.980465 -0.067806 -0.184639 0.017300 0.001292 0.940902 -0.338676 10.574800 0.196691 0.331821 0.922609 -1.117200 0.000000 0.000000 0.000000 1.000000
0.977682 -0.075991 -0.195864 0.017300 0.006713 0.943115 -0.332400 10.574800 0.209981 0.323667 0.922577 -1.117200 0.000000 0.000000 0.000000 1.000000
0.974744 -0.082816 -0.207401 0.017300 0.010485 0.944647 -0.327921 10.574800 0.223078 0.317464 0.921658 -1.117200 0.000000 0.000000 0.000000 1.000000
0.971673 -0.087723 -0.219443 0.017300 0.011385 0.944853 -0.327298 10.574800 0.236053 0.315529 0.919087 -1.117200 0.000000 0.000000 0.000000 1.000000
0.969284 -0.086255 -0.230321 0.017300 0.003995 0.941882 -0.335919 10.574800 0.245910 0.324681 0.913297 -1.117200 0.000000 0.000000 0.000000 1.000000
0.969228 -0.082486 -0.231932 0.017300 0.000078 0.942290 -0.334799 10.574800 0.246163 0.324479 0.913300 -1.117200 0.000000 0.000000 0.000000 1.000000
0.970073 -0.078129 -0.229902 0.017300 -0.003288 0.942507 -0.334170 10.574800 0.242793 0.324925 0.914043 -1.117200 0.000000 0.000000 0.000000 1.000000
0.972385 -0.072891 -0.221707 0.017300 -0.005956 0.941914 -0.335801 10.574800 0.233306 0.327848 0.915469 -1.117200 0.000000 0.000000 0.000000 1.000000
0.975402 -0.067983 -0.209688 0.017300 -0.007289 0.940788 -0.338917 10.574800 0.220313 0.332108 0.917151 -1.117200 0.000000 0.000000 0.000000 1.000000
0.978370 -0.064100 -0.196681 0.017300 -0.007246 0.939576 -0.342263 10.574800 0.206736 0.336285 0.918789 -1.117200 0.000000 0.000000 0.000000 1.000000
0.980781 -0.061364 -0.185211 0.017300 -0.006349 0.938715 -0.344635 10.574800 0.195009 0.339187 0.920284 -1.117200 0.000000 0.000000 0.000000 1.000000
0.982322 -0.058997 -0.177660 0.017300 -0.005904 0.938805 -0.344399 10.574800 0.187107 0.339359 0.921860 -1.117200 0.000000 0.000000 0.000000 1.000000
0.983297 -0.057460 -0.172699 0.017300 -0.005339 0.939345 -0.342933 10.574800 0.181929 0.338127 0.923348 -1.117200 0.000000 0.000000 0.000000 1.000000
0.985107 -0.051902 -0.163922 0.017300 -0.006122 0.942161 -0.335105 10.574800 0.171834 0.331118 0.927812 -1.117200 0.000000 0.000000 0.000000 1.000000
0.987154 -0.044839 -0.153348 0.017300 -0.007469 0.945810 -0.324636 10.574800 0.159595 0.321611 0.933325 -1.117200 0.000000 0.000000 0.000000 1.000000
0.989189 -0.037058 -0.141885 0.017300 -0.009338 0.949663 -0.313135 10.574800 0.146347 0.311075 0.939050 -1.117200 0.000000 0.000000 0.000000 1.000000
0.991019 -0.029344 -0.130461 0.017300 -0.011558 0.953178 -0.302188 10.574800 0.133220 0.300981 0.944279 -1.117200 0.000000 0.000000 0.000000 1.000000
0.992687 -0.021118 -0.118851 0.017300 -0.014605 0.956335 -0.291907 10.574800 0.119826 0.291508 0.949034 -1.117200 0.000000 0.000000 0.000000 1.000000
0.994226 -0.011747 -0.106666 0.017300 -0.019058 0.958862 -0.283232 10.574800 0.105605 0.283629 0.953101 -1.117200 0.000000 0.000000 0.000000 1.000000
0.995595 -0.000135 -0.093758 0.017300 -0.026242 0.959629 -0.280043 10.574800 0.090011 0.281270 0.955398 -1.117200 0.000000 0.000000 0.000000 1.000000
0.996404 0.008866 -0.084261 0.017300 -0.032056 0.960030 -0.278055 10.574800 0.078428 0.279756 0.956862 -1.117200 0.000000 0.000000 0.000000 1.000000
0.997120 0.020100 -0.073128 0.017300 -0.039473 0.960887 -0.274111 10.574800 0.064758 0.276209 0.958914 -1.117200 0.000000 0.000000 0.000000 1.000000
0.997669 0.030249 -0.061173 0.017300 -0.045904 0.960754 -0.273578 10.574800 0.050497 0.275748 0.959903 -1.117200 0.000000 0.000000 0.000000 1.000000
0.997691 0.034601 -0.058441 0.017300 -0.049388 0.960298 -0.274571 10.574800 0.046621 0.276824 0.959789 -1.117200 0.000000 0.000000 0.000000 1.000000
0.997660 0.037124 -0.057412 0.017300 -0.051656 0.959405 -0.277261 10.574800 0.044789 0.279578 0.959078 -1.117200 0.000000 0.000000 0.000000 1.000000
0.997517 0.037600 -0.059548 0.017300 -0.052872 0.958383 -0.280545 10.574800 0.046521 0.282997 0.957992 -1.117200 0.000000 0.000000 0.000000 1.000000
0.997156 0.035816 -0.066308 0.017300 -0.053234 0.957542 -0.283335 10.574800 0.053345 0.286059 0.956726 -1.117200 0.000000 0.000000 0.000000 1.000000
0.996363 0.031555 -0.079150 0.017300 -0.052921 0.957190 -0.284581 10.574800 0.066781 0.287735 0.955379 -1.117200 0.000000 0.000000 0.000000 1.000000
0.994478 0.022076 -0.102597 0.017300 -0.050798 0.956725 -0.286526 10.574800 0.091831 0.290156 0.952563 -1.117200 0.000000 0.000000 0.000000 1.000000
0.993497 0.016484 -0.112656 0.017300 -0.049386 0.953927 -0.295946 10.574800 0.102587 0.299586 0.948538 -1.117200 0.000000 0.000000 0.000000 1.000000
0.993373 0.011257 -0.114380 0.017300 -0.046108 0.950630 -0.306881 10.574800 0.105279 0.310122 0.944850 -1.117200 0.000000 0.000000 0.000000 1.000000
0.992505 0.003387 -0.122153 0.017300 -0.042082 0.947947 -0.315637 10.574800 0.114726 0.318412 0.940985 -1.117200 0.000000 0.000000 0.000000 1.000000
0.991359 -0.005870 -0.131044 0.017300 -0.037218 0.945357 -0.323904 10.574800 0.125784 0.325983 0.936970 -1.117200 0.000000 0.000000 0.000000 1.000000
0.989857 -0.016912 -0.141054 0.017300 -0.031186 0.942803 -0.331889 10.574800 0.138599 0.332922 0.932713 -1.117200 0.000000 0.000000 0.000000 1.000000
0.988256 -0.031903 -0.149438 0.017300 -0.021558 0.939071 -0.343046 10.574800 0.151277 0.342239 0.927355 -1.117200 0.000000 0.000000 0.000000 1.000000</float_array><technique_common><accessor source="#Spine-Matrix-animation-output-transform-array" count="38" stride="16"><param type="float4x4"/></accessor></technique_common></source><source id="Spine-Interpolations"><Name_array id="Spine-Interpolations-array" count="38">
 LINEAR LINEAR LINEAR LINEAR LINEAR LINEAR LINEAR LINEAR LINEAR LINEAR LINEAR
LINEAR LINEAR LINEAR LINEAR LINEAR LINEAR LINEAR LINEAR LINEAR LINEAR LINEAR LINEAR
LINEAR LINEAR LINEAR LINEAR LINEAR LINEAR LINEAR LINEAR LINEAR LINEAR LINEAR LINEAR
LINEAR LINEAR LINEAR</Name_array><technique_common><accessor source="#Spine-Interpolations-array" count="38"><param type="name"/></accessor></technique_common></source><sampler id="Spine-Matrix-animation-transform"><input semantic="INPUT" source="#Spine-Matrix-animation-input"/><input semantic="OUTPUT" source="#Spine-Matrix-animation-output-transform"/><input semantic="INTERPOLATION" source="#Spine-Interpolations"/></sampler><channel source="#Spine-Matrix-animation-transform" target="Spine/matrix"/></animation>
    <animation id="Spine1-anim" name="Spine1"><source id="Spine1-Matrix-animation-input"><float_array id="Spine1-Matrix-animation-input-array" count="38">

0.000000 0.033333 0.066667 0.100000 0.133333 0.166667 0.200000 0.233333 0.266667 0.300000 0.333333 0.366667 0.400000 0.433333 0.466667 0.500000
0.533333 0.566667 0.600000 0.633333 0.666667 0.700000 0.733333 0.766667 0.800000 0.833333 0.866667 0.900000 0.933333 0.966667 1.000000 1.033333
1.066667 1.100000 1.133333 1.166667 1.200000 1.233333</float_array><technique_common><accessor source="#Spine1-Matrix-animation-input-array" count="38"><param name="TIME" type="float"/></accessor></technique_common></source><source id="Spine1-Matrix-animation-output-transform"><float_array id="Spine1-Matrix-animation-output-transform-array" count="608">

0.999068 0.009263 -0.042170 0.019000 -0.010353 0.999616 -0.025685 12.337300 0.041916 0.026098 0.998780 -1.303400 0.000000 0.000000 0.000000 1.000000
0.998924 0.007631 -0.045742 0.019000 -0.008763 0.999659 -0.024589 12.337300 0.045539 0.024963 0.998651 -1.303400 0.000000 0.000000 0.000000 1.000000
0.998760 0.005513 -0.049487 0.019000 -0.006673 0.999706 -0.023300 12.337300 0.049344 0.023601 0.998503 -1.303400 0.000000 0.000000 0.000000 1.000000
0.998574 0.003134 -0.053300 0.019000 -0.004305 0.999752 -0.021859 12.337300 0.053218 0.022057 0.998339 -1.303400 0.000000 0.000000 0.000000 1.000000
0.998365 0.000716 -0.057156 0.019000 -0.001891 0.999788 -0.020494 12.337300 0.057130 0.020568 0.998155 -1.303400 0.000000 0.000000 0.000000 1.000000
0.998135 -0.001520 -0.061034 0.019000 0.000335 0.999811 -0.019426 12.337300 0.061052 0.019369 0.997947 -1.303400 0.000000 0.000000 0.000000 1.000000
0.997886 -0.003353 -0.064909 0.019000 0.002132 0.999820 -0.018874 12.337300 0.064961 0.018696 0.997713 -1.303400 0.000000 0.000000 0.000000 1.000000
0.997697 -0.003694 -0.067730 0.019000 0.002359 0.999802 -0.019779 12.337300 0.067790 0.019574 0.997508 -1.303400 0.000000 0.000000 0.000000 1.000000
0.997746 -0.002297 -0.067069 0.019000 0.000974 0.999805 -0.019746 12.337300 0.067102 0.019636 0.997553 -1.303400 0.000000 0.000000 0.000000 1.000000
0.997871 -0.000955 -0.065206 0.019000 -0.000430 0.999775 -0.021222 12.337300 0.065211 0.021205 0.997646 -1.303400 0.000000 0.000000 0.000000 1.000000
0.998076 -0.000229 -0.062006 0.019000 -0.001213 0.999730 -0.023209 12.337300 0.061995 0.023239 0.997806 -1.303400 0.000000 0.000000 0.000000 1.000000
0.998315 -0.000166 -0.058031 0.019000 -0.001259 0.999698 -0.024526 12.337300 0.058017 0.024557 0.998013 -1.303400 0.000000 0.000000 0.000000 1.000000
0.998537 -0.000368 -0.054072 0.019000 -0.001011 0.999675 -0.025464 12.337300 0.054064 0.025481 0.998212 -1.303400 0.000000 0.000000 0.000000 1.000000
0.998705 -0.000649 -0.050875 0.019000 -0.000676 0.999661 -0.026035 12.337300 0.050875 0.026036 0.998366 -1.303400 0.000000 0.000000 0.000000 1.000000
0.998783 -0.001315 -0.049306 0.019000 0.000054 0.999673 -0.025581 12.337300 0.049323 0.025548 0.998456 -1.303400 0.000000 0.000000 0.000000 1.000000
0.998823 -0.002265 -0.048446 0.019000 0.001070 0.999695 -0.024678 12.337300 0.048487 0.024598 0.998521 -1.303400 0.000000 0.000000 0.000000 1.000000
0.998933 -0.003043 -0.046078 0.019000 0.001946 0.999714 -0.023848 12.337300 0.046138 0.023733 0.998653 -1.303400 0.000000 0.000000 0.000000 1.000000
0.999065 -0.003754 -0.043072 0.019000 0.002760 0.999729 -0.023120 12.337300 0.043147 0.022979 0.998804 -1.303400 0.000000 0.000000 0.000000 1.000000
0.999199 -0.004422 -0.039760 0.019000 0.003531 0.999742 -0.022435 12.337300 0.039849 0.022277 0.998957 -1.303400 0.000000 0.000000 0.000000 1.000000
0.999322 -0.005072 -0.036478 0.019000 0.004280 0.999755 -0.021738 12.337300 0.036579 0.021567 0.999098 -1.303400 0.000000 0.000000 0.000000 1.000000
0.999436 -0.005637 -0.033097 0.019000 0.004942 0.999766 -0.021044 12.337300 0.033208 0.020868 0.999231 -1.303400 0.000000 0.000000 0.000000 1.000000
0.999549 -0.005967 -0.029439 0.019000 0.005369 0.999778 -0.020368 12.337300 0.029554 0.020201 0.999359 -1.303400 0.000000 0.000000 0.000000 1.000000
0.999664 -0.005500 -0.025323 0.019000 0.004999 0.999791 -0.019823 12.337300 0.025427 0.019690 0.999483 -1.303400 0.000000 0.000000 0.000000 1.000000
0.999746 -0.003992 -0.022187 0.019000 0.003552 0.999796 -0.019870 12.337300 0.022262 0.019786 0.999556 -1.303400 0.000000 0.000000 0.000000 1.000000
0.999826 -0.002807 -0.018440 0.019000 0.002442 0.999801 -0.019795 12.337300 0.018492 0.019746 0.999634 -1.303400 0.000000 0.000000 0.000000 1.000000
0.999895 -0.000634 -0.014445 0.019000 0.000339 0.999791 -0.020442 12.337300 0.014455 0.020435 0.999687 -1.303400 0.000000 0.000000 0.000000 1.000000
0.999910 0.001942 -0.013274 0.019000 -0.002225 0.999770 -0.021309 12.337300 0.013229 0.021336 0.999685 -1.303400 0.000000 0.000000 0.000000 1.000000
0.999909 0.004575 -0.012682 0.019000 -0.004860 0.999734 -0.022541 12.337300 0.012575 0.022601 0.999665 -1.303400 0.000000 0.000000 0.000000 1.000000
0.999888 0.007256 -0.013071 0.019000 -0.007566 0.999688 -0.023812 12.337300 0.012894 0.023908 0.999631 -1.303400 0.000000 0.000000 0.000000 1.000000
0.999840 0.009977 -0.014845 0.019000 -0.010343 0.999639 -0.024787 12.337300 0.014592 0.024937 0.999583 -1.303400 0.000000 0.000000 0.000000 1.000000
0.999750 0.012731 -0.018404 0.019000 -0.013192 0.999597 -0.025130 12.337300 0.018077 0.025366 0.999515 -1.303400 0.000000 0.000000 0.000000 1.000000
0.999565 0.015552 -0.025074 0.019000 -0.016164 0.999572 -0.024377 12.337300 0.024684 0.024771 0.999388 -1.303400 0.000000 0.000000 0.000000 1.000000
0.999460 0.017471 -0.027839 0.019000 -0.018157 0.999533 -0.024573 12.337300 0.027396 0.025066 0.999310 -1.303400 0.000000 0.000000 0.000000 1.000000
0.999459 0.016295 -0.028556 0.019000 -0.017024 0.999531 -0.025466 12.337300 0.028128 0.025939 0.999268 -1.303400 0.000000 0.000000 0.000000 1.000000
0.999406 0.014789 -0.031135 0.019000 -0.015589 0.999551 -0.025600 12.337300 0.030742 0.026070 0.999187 -1.303400 0.000000 0.000000 0.000000 1.000000
0.999330 0.013190 -0.034147 0.019000 -0.014067 0.999574 -0.025590 12.337300 0.033795 0.026053 0.999089 -1.303400 0.000000 0.000000 0.000000 1.000000
0.999225 0.011570 -0.037628 0.019000 -0.012538 0.999594 -0.025604 12.337300 0.037316 0.026056 0.998964 -1.303400 0.000000 0.000000 0.000000 1.000000
0.999108 0.009946 -0.041035 0.019000 -0.011015 0.999604 -0.025910 12.337300 0.040762 0.026339 0.998822 -1.303400 0.000000 0.000000 0.000000 1.000000</float_array><technique_common><accessor source="#Spine1-Matrix-animation-output-transform-array" count="38" stride="16"><param type="float4x4"/></accessor></technique_common></source><source id="Spine1-Interpolations"><Name_array id="Spine1-Interpolations-array" count="38">
 LINEAR LINEAR LINEAR LINEAR LINEAR LINEAR LINEAR LINEAR LINEAR LINEAR LINEAR
LINEAR LINEAR LINEAR LINEAR LINEAR LINEAR LINEAR LINEAR LINEAR LINEAR LINEAR LINEAR
LINEAR LINEAR LINEAR LINEAR LINEAR LINEAR LINEAR LINEAR LINEAR LINEAR LINEAR LINEAR
LINEAR LINEAR LINEAR</Name_array><technique_common><accessor source="#Spine1-Interpolations-array" count="38"><param type="name"/></accessor></technique_common></source><sampler id="Spine1-Matrix-animation-transform"><input semantic="INPUT" source="#Spine1-Matrix-animation-input"/><input semantic="OUTPUT" source="#Spine1-Matrix-animation-output-transform"/><input semantic="INTERPOLATION" source="#Spine1-Interpolations"/></sampler><channel source="#Spine1-Matrix-animation-transform" target="Spine1/matrix"/></animation>
    <animation id="Spine2-anim" name="Spine2"><source id="Spine2-Matrix-animation-input"><float_array id="Spine2-Matrix-animation-input-array" count="38">

0.000000 0.033333 0.066667 0.100000 0.133333 0.166667 0.200000 0.233333 0.266667 0.300000 0.333333 0.366667 0.400000 0.433333 0.466667 0.500000
0.533333 0.566667 0.600000 0.633333 0.666667 0.700000 0.733333 0.766667 0.800000 0.833333 0.866667 0.900000 0.933333 0.966667 1.000000 1.033333
1.066667 1.100000 1.133333 1.166667 1.200000 1.233333</float_array><technique_common><accessor source="#Spine2-Matrix-animation-input-array" count="38"><param name="TIME" type="float"/></accessor></technique_common></source><source id="Spine2-Matrix-animation-output-transform"><float_array id="Spine2-Matrix-animation-output-transform-array" count="608">

0.999100 0.008092 -0.041629 0.021700 -0.009177 0.999621 -0.025958 14.099800 0.041404 0.026316 0.998796 -1.489600 0.000000 0.000000 0.000000 1.000000
0.998955 0.006373 -0.045252 0.021700 -0.007503 0.999663 -0.024846 14.099800 0.045078 0.025159 0.998667 -1.489600 0.000000 0.000000 0.000000 1.000000
0.998786 0.004181 -0.049075 0.021700 -0.005340 0.999710 -0.023498 14.099800 0.048963 0.023732 0.998519 -1.489600 0.000000 0.000000 0.000000 1.000000
0.998594 0.001737 -0.052980 0.021700 -0.002905 0.999754 -0.021981 14.099800 0.052929 0.022104 0.998354 -1.489600 0.000000 0.000000 0.000000 1.000000
0.998378 -0.000746 -0.056932 0.021700 -0.000424 0.999789 -0.020530 14.099800 0.056936 0.020521 0.998167 -1.489600 0.000000 0.000000 0.000000 1.000000
0.998139 -0.003053 -0.060899 0.021700 0.001876 0.999810 -0.019377 14.099800 0.060947 0.019226 0.997956 -1.489600 0.000000 0.000000 0.000000 1.000000
0.997883 -0.004970 -0.064848 0.021700 0.003762 0.999817 -0.018748 14.099800 0.064929 0.018464 0.997719 -1.489600 0.000000 0.000000 0.000000 1.000000
0.997692 -0.005410 -0.067681 0.021700 0.004090 0.999799 -0.019620 14.099800 0.067773 0.019297 0.997514 -1.489600 0.000000 0.000000 0.000000 1.000000
0.997748 -0.003984 -0.066962 0.021700 0.002673 0.999803 -0.019650 14.099800 0.067027 0.019426 0.997562 -1.489600 0.000000 0.000000 0.000000 1.000000
0.997880 -0.002628 -0.065023 0.021700 0.001251 0.999774 -0.021206 14.099800 0.065064 0.021080 0.997658 -1.489600 0.000000 0.000000 0.000000 1.000000
0.998088 -0.001875 -0.061776 0.021700 0.000439 0.999730 -0.023243 14.099800 0.061803 0.023171 0.997819 -1.489600 0.000000 0.000000 0.000000 1.000000
0.998326 -0.001758 -0.057803 0.021700 0.000336 0.999698 -0.024586 14.099800 0.057829 0.024525 0.998025 -1.489600 0.000000 0.000000 0.000000 1.000000
0.998546 -0.001899 -0.053865 0.021700 0.000523 0.999674 -0.025537 14.099800 0.053896 0.025472 0.998222 -1.489600 0.000000 0.000000 0.000000 1.000000
0.998712 -0.002129 -0.050689 0.021700 0.000806 0.999659 -0.026112 14.099800 0.050727 0.026038 0.998373 -1.489600 0.000000 0.000000 0.000000 1.000000
0.998788 -0.002762 -0.049150 0.021700 0.001503 0.999670 -0.025635 14.099800 0.049205 0.025530 0.998462 -1.489600 0.000000 0.000000 0.000000 1.000000
0.998824 -0.003691 -0.048352 0.021700 0.002498 0.999692 -0.024711 14.099800 0.048429 0.024561 0.998525 -1.489600 0.000000 0.000000 0.000000 1.000000
0.998930 -0.004413 -0.046037 0.021700 0.003315 0.999709 -0.023884 14.099800 0.046129 0.023706 0.998654 -1.489600 0.000000 0.000000 0.000000 1.000000
0.999059 -0.005053 -0.043077 0.021700 0.004057 0.999723 -0.023168 14.099800 0.043182 0.022971 0.998803 -1.489600 0.000000 0.000000 0.000000 1.000000
0.999191 -0.005644 -0.039807 0.021700 0.004751 0.999736 -0.022501 14.099800 0.039924 0.022294 0.998954 -1.489600 0.000000 0.000000 0.000000 1.000000
0.999312 -0.006218 -0.036567 0.021700 0.005423 0.999747 -0.021821 14.099800 0.036693 0.021608 0.999093 -1.489600 0.000000 0.000000 0.000000 1.000000
0.999425 -0.006708 -0.033224 0.021700 0.006007 0.999758 -0.021145 14.099800 0.033358 0.020933 0.999224 -1.489600 0.000000 0.000000 0.000000 1.000000
0.999538 -0.006961 -0.029594 0.021700 0.006356 0.999770 -0.020490 14.099800 0.029730 0.020293 0.999352 -1.489600 0.000000 0.000000 0.000000 1.000000
0.999655 -0.006420 -0.025473 0.021700 0.005912 0.999783 -0.019968 14.099800 0.025595 0.019811 0.999476 -1.489600 0.000000 0.000000 0.000000 1.000000
0.999740 -0.004849 -0.022287 0.021700 0.004403 0.999790 -0.020026 14.099800 0.022379 0.019923 0.999551 -1.489600 0.000000 0.000000 0.000000 1.000000
0.999822 -0.003596 -0.018504 0.021700 0.003226 0.999796 -0.019952 14.099800 0.018572 0.019889 0.999630 -1.489600 0.000000 0.000000 0.000000 1.000000
0.999895 -0.001341 -0.014444 0.021700 0.001043 0.999788 -0.020585 14.099800 0.014469 0.020568 0.999684 -1.489600 0.000000 0.000000 0.000000 1.000000
0.999912 0.001278 -0.013192 0.021700 -0.001560 0.999769 -0.021433 14.099800 0.013161 0.021452 0.999683 -1.489600 0.000000 0.000000 0.000000 1.000000
0.999914 0.003946 -0.012519 0.021700 -0.004229 0.999735 -0.022645 14.099800 0.012427 0.022696 0.999665 -1.489600 0.000000 0.000000 0.000000 1.000000
0.999896 0.006647 -0.012825 0.021700 -0.006952 0.999690 -0.023899 14.099800 0.012662 0.023986 0.999632 -1.489600 0.000000 0.000000 0.000000 1.000000
0.999851 0.009361 -0.014506 0.021700 -0.009720 0.999643 -0.024871 14.099800 0.014268 0.025009 0.999585 -1.489600 0.000000 0.000000 0.000000 1.000000
0.999766 0.012070 -0.017961 0.021700 -0.012522 0.999603 -0.025230 14.099800 0.017650 0.025449 0.999520 -1.489600 0.000000 0.000000 0.000000 1.000000
0.999591 0.014786 -0.024495 0.021700 -0.015387 0.999581 -0.024532 14.099800 0.024122 0.024899 0.999399 -1.489600 0.000000 0.000000 0.000000 1.000000
0.999492 0.016673 -0.027153 0.021700 -0.017346 0.999543 -0.024756 14.099800 0.026728 0.025214 0.999325 -1.489600 0.000000 0.000000 0.000000 1.000000
0.999491 0.015473 -0.027883 0.021700 -0.016190 0.999540 -0.025656 14.099800 0.027473 0.026094 0.999282 -1.489600 0.000000 0.000000 0.000000 1.000000
0.999439 0.013903 -0.030484 0.021700 -0.014693 0.999558 -0.025839 14.099800 0.030111 0.026273 0.999201 -1.489600 0.000000 0.000000 0.000000 1.000000
0.999363 0.012227 -0.033522 0.021700 -0.013097 0.999580 -0.025852 14.099800 0.033192 0.026275 0.999104 -1.489600 0.000000 0.000000 0.000000 1.000000
0.999259 0.010520 -0.037031 0.021700 -0.011482 0.999599 -0.025870 14.099800 0.036744 0.026276 0.998979 -1.489600 0.000000 0.000000 0.000000 1.000000
0.999142 0.008804 -0.040475 0.021700 -0.009868 0.999608 -0.026186 14.099800 0.040228 0.026563 0.998837 -1.489600 0.000000 0.000000 0.000000 1.000000</float_array><technique_common><accessor source="#Spine2-Matrix-animation-output-transform-array" count="38" stride="16"><param type="float4x4"/></accessor></technique_common></source><source id="Spine2-Interpolations"><Name_array id="Spine2-Interpolations-array" count="38">
 LINEAR LINEAR LINEAR LINEAR LINEAR LINEAR LINEAR LINEAR LINEAR LINEAR LINEAR
LINEAR LINEAR LINEAR LINEAR LINEAR LINEAR LINEAR LINEAR LINEAR LINEAR LINEAR LINEAR
LINEAR LINEAR LINEAR LINEAR LINEAR LINEAR LINEAR LINEAR LINEAR LINEAR LINEAR LINEAR
LINEAR LINEAR LINEAR</Name_array><technique_common><accessor source="#Spine2-Interpolations-array" count="38"><param type="name"/></accessor></technique_common></source><sampler id="Spine2-Matrix-animation-transform"><input semantic="INPUT" source="#Spine2-Matrix-animation-input"/><input semantic="OUTPUT" source="#Spine2-Matrix-animation-output-transform"/><input semantic="INTERPOLATION" source="#Spine2-Interpolations"/></sampler><channel source="#Spine2-Matrix-animation-transform" target="Spine2/matrix"/></animation>
    <animation id="Neck-anim" name="Neck"><source id="Neck-Matrix-animation-input"><float_array id="Neck-Matrix-animation-input-array" count="38">

0.000000 0.033333 0.066667 0.100000 0.133333 0.166667 0.200000 0.233333 0.266667 0.300000 0.333333 0.366667 0.400000 0.433333 0.466667 0.500000
0.533333 0.566667 0.600000 0.633333 0.666667 0.700000 0.733333 0.766667 0.800000 0.833333 0.866667 0.900000 0.933333 0.966667 1.000000 1.033333
1.066667 1.100000 1.133333 1.166667 1.200000 1.233333</float_array><technique_common><accessor source="#Neck-Matrix-animation-input-array" count="38"><param name="TIME" type="float"/></accessor></technique_common></source><source id="Neck-Matrix-animation-output-transform"><float_array id="Neck-Matrix-animation-output-transform-array" count="608">

0.997691 0.065360 0.018444 0.024400 -0.061866 0.986723 -0.150170 15.862300 -0.028014 0.148682 0.988488 -1.675800 0.000000 0.000000 0.000000 1.000000
0.997879 0.063161 0.015778 0.024400 -0.060052 0.986617 -0.151595 15.862300 -0.025141 0.150326 0.988317 -1.675800 0.000000 0.000000 0.000000 1.000000
0.997760 0.065165 0.015116 0.024400 -0.062207 0.986939 -0.148601 15.862300 -0.024603 0.147328 0.988782 -1.675800 0.000000 0.000000 0.000000 1.000000
0.997453 0.069663 0.015307 0.024400 -0.066753 0.987364 -0.143723 15.862300 -0.025126 0.142335 0.989500 -1.675800 0.000000 0.000000 0.000000 1.000000
0.997093 0.074541 0.015786 0.024400 -0.071667 0.987851 -0.137895 15.862300 -0.025873 0.136363 0.990321 -1.675800 0.000000 0.000000 0.000000 1.000000
0.996850 0.077685 0.015991 0.024400 -0.074909 0.988408 -0.132051 15.862300 -0.026064 0.130437 0.991114 -1.675800 0.000000 0.000000 0.000000 1.000000
0.996914 0.076986 0.015360 0.024400 -0.074423 0.989091 -0.127123 15.862300 -0.024979 0.125587 0.991768 -1.675800 0.000000 0.000000 0.000000 1.000000
0.997795 0.065210 0.012346 0.024400 -0.063200 0.990365 -0.123216 15.862300 -0.020262 0.122164 0.992303 -1.675800 0.000000 0.000000 0.000000 1.000000
0.998327 0.057127 0.008972 0.024400 -0.055605 0.990936 -0.122289 15.862300 -0.015877 0.121585 0.992454 -1.675800 0.000000 0.000000 0.000000 1.000000
0.997862 0.065060 0.006198 0.024400 -0.063820 0.990472 -0.122035 15.862300 -0.014079 0.121378 0.992506 -1.675800 0.000000 0.000000 0.000000 1.000000
0.997657 0.068200 0.005373 0.024400 -0.067059 0.990452 -0.120452 15.862300 -0.013536 0.119809 0.992705 -1.675800 0.000000 0.000000 0.000000 1.000000
0.997612 0.068797 0.006083 0.024400 -0.067544 0.990225 -0.122032 15.862300 -0.014419 0.121330 0.992508 -1.675800 0.000000 0.000000 0.000000 1.000000
0.997654 0.068050 0.007478 0.024400 -0.066599 0.990027 -0.124139 15.862300 -0.015851 0.123350 0.992237 -1.675800 0.000000 0.000000 0.000000 1.000000
0.997768 0.066129 0.009246 0.024400 -0.064466 0.990098 -0.124697 15.862300 -0.017400 0.123823 0.992152 -1.675800 0.000000 0.000000 0.000000 1.000000
0.997963 0.062631 0.012167 0.024400 -0.060675 0.990604 -0.122567 15.862300 -0.019730 0.121579 0.992386 -1.675800 0.000000 0.000000 0.000000 1.000000
0.997914 0.062395 0.016545 0.024400 -0.059902 0.990614 -0.122865 15.862300 -0.024056 0.121618 0.992285 -1.675800 0.000000 0.000000 0.000000 1.000000
0.997954 0.061227 0.018439 0.024400 -0.058479 0.990545 -0.124100 15.862300 -0.025863 0.122768 0.992098 -1.675800 0.000000 0.000000 0.000000 1.000000
0.998022 0.059857 0.019195 0.024400 -0.056981 0.990412 -0.125843 15.862300 -0.026543 0.124501 0.991864 -1.675800 0.000000 0.000000 0.000000 1.000000
0.998102 0.058434 0.019450 0.024400 -0.055484 0.990246 -0.127803 15.862300 -0.026728 0.126481 0.991609 -1.675800 0.000000 0.000000 0.000000 1.000000
0.998171 0.057105 0.019842 0.024400 -0.054064 0.990080 -0.129686 15.862300 -0.027051 0.128376 0.991357 -1.675800 0.000000 0.000000 0.000000 1.000000
0.998221 0.056044 0.020359 0.024400 -0.052896 0.989908 -0.131466 15.862300 -0.027521 0.130156 0.991112 -1.675800 0.000000 0.000000 0.000000 1.000000
0.998220 0.055733 0.021218 0.024400 -0.052432 0.989733 -0.132964 15.862300 -0.028410 0.131614 0.990894 -1.675800 0.000000 0.000000 0.000000 1.000000
0.998078 0.057781 0.022409 0.024400 -0.054301 0.989606 -0.133162 15.862300 -0.029870 0.131689 0.990841 -1.675800 0.000000 0.000000 0.000000 1.000000
0.997924 0.059526 0.024602 0.024400 -0.055814 0.989813 -0.130977 15.862300 -0.032148 0.129332 0.991080 -1.675800 0.000000 0.000000 0.000000 1.000000
0.997573 0.064978 0.025016 0.024400 -0.061152 0.989436 -0.131442 15.862300 -0.033292 0.129594 0.991008 -1.675800 0.000000 0.000000 0.000000 1.000000
0.997441 0.066606 0.025995 0.024400 -0.062635 0.989329 -0.131551 15.862300 -0.034480 0.129586 0.990969 -1.675800 0.000000 0.000000 0.000000 1.000000
0.997291 0.068770 0.026090 0.024400 -0.064713 0.988979 -0.133165 15.862300 -0.034960 0.131116 0.990750 -1.675800 0.000000 0.000000 0.000000 1.000000
0.997070 0.071952 0.025983 0.024400 -0.067817 0.988524 -0.134986 15.862300 -0.035398 0.132829 0.990507 -1.675800 0.000000 0.000000 0.000000 1.000000
0.996839 0.075254 0.025466 0.024400 -0.071091 0.988027 -0.136923 15.862300 -0.035465 0.134680 0.990254 -1.675800 0.000000 0.000000 0.000000 1.000000
0.996674 0.077780 0.024327 0.024400 -0.073680 0.987564 -0.138883 15.862300 -0.034827 0.136629 0.990010 -1.675800 0.000000 0.000000 0.000000 1.000000
0.996653 0.078635 0.022357 0.024400 -0.074733 0.987216 -0.140780 15.862300 -0.033142 0.138638 0.989788 -1.675800 0.000000 0.000000 0.000000 1.000000
0.997348 0.070399 0.018467 0.024400 -0.067053 0.987451 -0.142983 15.862300 -0.028301 0.141366 0.989553 -1.675800 0.000000 0.000000 0.000000 1.000000
0.997870 0.063468 0.015090 0.024400 -0.060644 0.987711 -0.144046 15.862300 -0.024047 0.142824 0.989456 -1.675800 0.000000 0.000000 0.000000 1.000000
0.997826 0.064329 0.014293 0.024400 -0.061661 0.987965 -0.141856 15.862300 -0.023246 0.140666 0.989784 -1.675800 0.000000 0.000000 0.000000 1.000000
0.997870 0.063218 0.016079 0.024400 -0.060201 0.987424 -0.146181 15.862300 -0.025118 0.144902 0.989127 -1.675800 0.000000 0.000000 0.000000 1.000000
0.997741 0.064418 0.019057 0.024400 -0.060845 0.986800 -0.150082 15.862300 -0.028473 0.148583 0.988490 -1.675800 0.000000 0.000000 0.000000 1.000000
0.997717 0.064217 0.020907 0.024400 -0.060308 0.986513 -0.152169 15.862300 -0.030397 0.150561 0.988133 -1.675800 0.000000 0.000000 0.000000 1.000000
0.997700 0.065121 0.018811 0.024400 -0.061575 0.986744 -0.150149 15.862300 -0.028339 0.148645 0.988484 -1.675800 0.000000 0.000000 0.000000 1.000000</float_array><technique_common><accessor source="#Neck-Matrix-animation-output-transform-array" count="38" stride="16"><param type="float4x4"/></accessor></technique_common></source><source id="Neck-Interpolations"><Name_array id="Neck-Interpolations-array" count="38">
 LINEAR LINEAR LINEAR LINEAR LINEAR LINEAR LINEAR LINEAR LINEAR LINEAR LINEAR
LINEAR LINEAR LINEAR LINEAR LINEAR LINEAR LINEAR LINEAR LINEAR LINEAR LINEAR LINEAR
LINEAR LINEAR LINEAR LINEAR LINEAR LINEAR LINEAR LINEAR LINEAR LINEAR LINEAR LINEAR
LINEAR LINEAR LINEAR</Name_array><technique_common><accessor source="#Neck-Interpolations-array" count="38"><param type="name"/></accessor></technique_common></source><sampler id="Neck-Matrix-animation-transform"><input semantic="INPUT" source="#Neck-Matrix-animation-input"/><input semantic="OUTPUT" source="#Neck-Matrix-animation-output-transform"/><input semantic="INTERPOLATION" source="#Neck-Interpolations"/></sampler><channel source="#Neck-Matrix-animation-transform" target="Neck/matrix"/></animation>
    <animation id="Head-anim" name="Head"><source id="Head-Matrix-animation-input"><float_array id="Head-Matrix-animation-input-array" count="38">

0.000000 0.033333 0.066667 0.100000 0.133333 0.166667 0.200000 0.233333 0.266667 0.300000 0.333333 0.366667 0.400000 0.433333 0.466667 0.500000
0.533333 0.566667 0.600000 0.633333 0.666667 0.700000 0.733333 0.766667 0.800000 0.833333 0.866667 0.900000 0.933333 0.966667 1.000000 1.033333
1.066667 1.100000 1.133333 1.166667 1.200000 1.233333</float_array><technique_common><accessor source="#Head-Matrix-animation-input-array" count="38"><param name="TIME" type="float"/></accessor></technique_common></source><source id="Head-Matrix-animation-output-transform"><float_array id="Head-Matrix-animation-output-transform-array" count="608">

0.979181 -0.053729 0.195749 0.000000 -0.007193 0.954544 0.297982 5.564000 -0.202861 -0.293186 0.934285 0.988100 0.000000 0.000000 0.000000 1.000000
0.980989 -0.055215 0.186042 -0.000000 -0.002562 0.954901 0.296914 5.564000 -0.194045 -0.291746 0.936606 0.988100 0.000000 0.000000 0.000000 1.000000
0.981928 -0.053654 0.181491 0.000000 -0.002454 0.955282 0.295686 5.564000 -0.189240 -0.290788 0.937886 0.988100 0.000000 0.000000 0.000000 1.000000
0.982563 -0.049986 0.179086 0.000000 -0.004942 0.955822 0.293904 5.564000 -0.185865 -0.289664 0.938908 0.988100 0.000000 0.000000 0.000000 1.000000
0.983055 -0.045710 0.177519 0.000000 -0.008333 0.956267 0.292376 5.564000 -0.183120 -0.288901 0.939683 0.988100 0.000000 0.000000 0.000000 1.000000
0.983572 -0.042322 0.175483 0.000000 -0.010928 0.956384 0.291908 5.564000 -0.180183 -0.289031 0.940210 0.988100 0.000000 0.000000 0.000000 1.000000
0.984287 -0.041323 0.171672 0.000000 -0.011023 0.955955 0.293306 5.564000 -0.176231 -0.290590 0.940479 0.988100 0.000000 0.000000 0.000000 1.000000
0.985579 -0.046855 0.162601 -0.000000 -0.003792 0.954543 0.298048 5.564000 -0.169175 -0.294366 0.940600 0.988100 0.000000 0.000000 0.000000 1.000000
