<?xml version="1.0" encoding="utf-8"?>
<COLLADA xmlns="http://www.collada.org/2005/11/COLLADASchema" version="1.4.1">
  <asset><contributor><author>Mixamo</author><authoring_tool>COLLADA Mixamo exporter</authoring_tool><comments></comments></contributor><created>2018-10-22T12:40:35Z</created><modified>2018-10-22T12:40:35Z</modified><revision></revision><title></title><unit meter="0.010000"/><up_axis>Y_UP</up_axis></asset>
  <library_animations>
    <animation id="Hips-anim" name="Hips"><source id="Hips-Matrix-animation-input"><float_array id="Hips-Matrix-animation-input-array" count="118">

0.000000 0.033333 0.066667 0.100000 0.133333 0.166667 0.200000 0.233333 0.266667 0.300000 0.333333 0.366667 0.400000 0.433333 0.466667 0.500000
0.533333 0.566667 0.600000 0.633333 0.666667 0.700000 0.733333 0.766667 0.800000 0.833333 0.866667 0.900000 0.933333 0.966667 1.000000 1.033333
1.066667 1.100000 1.133333 1.166667 1.200000 1.233333 1.266667 1.300000 1.333333 1.366667 1.400000 1.433333 1.466667 1.500000 1.533333 1.566667
1.600000 1.633333 1.666667 1.700000 1.733333 1.766667 1.800000 1.833333 1.866667 1.900000 1.933333 1.966667 2.000000 2.033333 2.066667 2.100000
2.133333 2.166667 2.200000 2.233333 2.266667 2.300000 2.333333 2.366667 2.400000 2.433333 2.466667 2.500000 2.533333 2.566667 2.600000 2.633333
2.666667 2.700000 2.733333 2.766667 2.800000 2.833333 2.866667 2.900000 2.933333 2.966667 3.000000 3.033333 3.066667 3.100000 3.133333 3.166667
3.200000 3.233333 3.266667 3.300000 3.333333 3.366667 3.400000 3.433333 3.466667 3.500000 3.533333 3.566667 3.600000 3.633333 3.666667 3.700000
3.733333 3.766667 3.800000 3.833333 3.866667 3.900000</float_array><technique_common><accessor source="#Hips-Matrix-animation-input-array" count="118"><param name="TIME" type="float"/></accessor></technique_common></source><source id="Hips-Matrix-animation-output-transform"><float_array id="Hips-Matrix-animation-output-transform-array" count="1888">

0.582127 -0.121429 -0.803979 0.000074 -0.014041 0.987137 -0.159259 80.553772 0.812976 0.103998 0.572935 0.000043 0.000000 0.000000 0.000000 1.000000
0.613995 -0.104538 -0.782356 -0.274277 -0.001271 0.991058 -0.133423 80.525558 0.789309 0.082915 0.608373 0.455406 0.000000 0.000000 0.000000 1.000000
0.653791 -0.082649 -0.752148 -0.597665 0.014789 0.995223 -0.096505 80.509590 0.756531 0.051971 0.651890 1.020027 0.000000 0.000000 0.000000 1.000000
0.703915 -0.054022 -0.708226 -0.991248 0.020982 0.998250 -0.055290 80.688194 0.709974 0.024059 0.703817 1.521952 0.000000 0.000000 0.000000 1.000000
0.746754 -0.041115 -0.663829 -1.213964 0.011540 0.998738 -0.048876 81.358963 0.665001 0.028837 0.746286 1.454658 0.000000 0.000000 0.000000 1.000000
0.777223 -0.060238 -0.626335 -0.941702 0.003554 0.995811 -0.091363 82.737762 0.629215 0.068784 0.774182 0.116201 0.000000 0.000000 0.000000 1.000000
0.806845 -0.082085 -0.585033 -0.259204 0.002781 0.990817 -0.135185 84.543877 0.590757 0.107446 0.799664 -2.198960 0.000000 0.000000 0.000000 1.000000
0.838467 -0.097706 -0.536122 0.618185 0.005083 0.985155 -0.171591 86.784523 0.544929 0.141148 0.826517 -5.022869 0.000000 0.000000 0.000000 1.000000
0.866772 -0.104238 -0.487690 1.391574 0.003852 0.979282 -0.202463 89.137512 0.498691 0.173611 0.849215 -7.546365 0.000000 0.000000 0.000000 1.000000
0.879276 -0.098847 -0.465944 1.847886 -0.004966 0.976274 -0.216481 90.833488 0.476288 0.192660 0.857923 -9.006718 0.000000 0.000000 0.000000 1.000000
0.876015 -0.085252 -0.474689 2.029868 -0.020725 0.976689 -0.213656 91.744530 0.481838 0.197004 0.853828 -9.507374 0.000000 0.000000 0.000000 1.000000
0.866378 -0.070893 -0.494331 2.113596 -0.038095 0.977606 -0.206966 92.271797 0.497934 0.198143 0.844276 -9.637566 0.000000 0.000000 0.000000 1.000000
0.861940 -0.062066 -0.503197 2.182819 -0.043875 0.979625 -0.195985 92.391403 0.505108 0.191005 0.841655 -9.453571 0.000000 0.000000 0.000000 1.000000
0.864110 -0.058831 -0.499853 2.288242 -0.040444 0.981816 -0.185474 92.373672 0.501676 0.180486 0.846018 -9.130050 0.000000 0.000000 0.000000 1.000000
0.867961 -0.057270 -0.493320 2.401478 -0.034689 0.983912 -0.175255 92.321037 0.495420 0.169227 0.852010 -8.769455 0.000000 0.000000 0.000000 1.000000
0.872182 -0.056535 -0.485903 2.513865 -0.028337 0.985793 -0.165560 92.261505 0.488360 0.158168 0.858189 -8.396358 0.000000 0.000000 0.000000 1.000000
0.876242 -0.056315 -0.478570 2.621435 -0.022076 0.987413 -0.156613 92.207481 0.481366 0.147795 0.863969 -8.020288 0.000000 0.000000 0.000000 1.000000
0.878309 -0.058346 -0.474521 2.687963 -0.017647 0.987893 -0.154132 92.220215 0.477769 0.143750 0.866645 -7.642867 0.000000 0.000000 0.000000 1.000000
0.877880 -0.060735 -0.475014 2.701581 -0.016265 0.987571 -0.156330 92.227173 0.478604 0.144965 0.865981 -7.236594 0.000000 0.000000 0.000000 1.000000
0.875929 -0.061189 -0.478543 2.670275 -0.017099 0.987363 -0.157548 92.156120 0.482136 0.146183 0.863814 -6.768723 0.000000 0.000000 0.000000 1.000000
0.874128 -0.060274 -0.481941 2.610976 -0.017376 0.987754 -0.155049 91.979721 0.485385 0.143907 0.862376 -6.254432 0.000000 0.000000 0.000000 1.000000
0.872717 -0.059216 -0.484623 2.542231 -0.016693 0.988418 -0.150836 91.748550 0.487942 0.139727 0.861620 -5.724414 0.000000 0.000000 0.000000 1.000000
0.871457 -0.058057 -0.487023 2.469196 -0.015708 0.989156 -0.146024 91.499458 0.490220 0.134904 0.861096 -5.186578 0.000000 0.000000 0.000000 1.000000
0.870243 -0.056831 -0.489333 2.394379 -0.014671 0.989893 -0.141057 91.246513 0.492404 0.129933 0.860614 -4.645108 0.000000 0.000000 0.000000 1.000000
0.869081 -0.055520 -0.491544 2.316877 -0.013611 0.990621 -0.135956 90.990524 0.494482 0.124847 0.860175 -4.097789 0.000000 0.000000 0.000000 1.000000
0.868816 -0.052708 -0.492323 2.199894 -0.012754 0.991606 -0.128668 90.706650 0.494972 0.118067 0.860850 -3.472618 0.000000 0.000000 0.000000 1.000000
0.872926 -0.049644 -0.485320 1.983488 -0.009590 0.992870 -0.118812 90.313080 0.487758 0.108368 0.866226 -2.576800 0.000000 0.000000 0.000000 1.000000
0.878105 -0.047021 -0.476152 1.747992 -0.005682 0.994064 -0.108645 89.922523 0.478434 0.098107 0.872626 -1.619891 0.000000 0.000000 0.000000 1.000000
0.884112 -0.044669 -0.465135 1.493234 -0.001304 0.995181 -0.098051 89.517281 0.467273 0.087294 0.879793 -0.608256 0.000000 0.000000 0.000000 1.000000
0.890713 -0.042413 -0.452584 1.219072 0.003273 0.996210 -0.086917 89.079559 0.454555 0.075937 0.887476 0.451713 0.000000 0.000000 0.000000 1.000000
0.897683 -0.040070 -0.438816 0.925420 0.007779 0.997143 -0.075140 88.591644 0.440573 0.064039 0.895430 1.553614 0.000000 0.000000 0.000000 1.000000
0.904819 -0.037453 -0.424147 0.612226 0.011953 0.997966 -0.062623 88.035789 0.425630 0.051593 0.903426 2.690993 0.000000 0.000000 0.000000 1.000000
0.911934 -0.034362 -0.408895 0.279481 0.015533 0.998664 -0.049280 87.394226 0.410042 0.038588 0.911250 3.857362 0.000000 0.000000 0.000000 1.000000
0.918868 -0.030590 -0.393378 -0.072773 0.018268 0.999219 -0.035031 86.649109 0.394142 0.025003 0.918709 5.046209 0.000000 0.000000 0.000000 1.000000
0.926007 -0.026307 -0.376588 -0.446156 0.020390 0.999598 -0.019690 85.823898 0.376955 0.010554 0.926172 6.258736 0.000000 0.000000 0.000000 1.000000
0.933614 -0.021890 -0.357610 -0.841042 0.022198 0.999748 -0.003245 84.952324 0.357591 -0.004909 0.933865 7.499096 0.000000 0.000000 0.000000 1.000000
0.941373 -0.017430 -0.336916 -1.255331 0.023555 0.999623 0.014101 84.032028 0.336543 -0.021211 0.941429 8.765206 0.000000 0.000000 0.000000 1.000000
0.949001 -0.012996 -0.315005 -1.686809 0.024350 0.999187 0.032136 83.060699 0.314331 -0.038167 0.948546 10.055087 0.000000 0.000000 0.000000 1.000000
0.956257 -0.008632 -0.292402 -2.133157 0.024496 0.998417 0.050634 82.036079 0.291502 -0.055582 0.954954 11.366840 0.000000 0.000000 0.000000 1.000000
0.962947 -0.004359 -0.269656 -2.591906 0.023938 0.997304 0.069365 80.956093 0.268626 -0.073250 0.960455 12.698661 0.000000 0.000000 0.000000 1.000000
0.968930 -0.000163 -0.247334 -3.060388 0.022655 0.995855 0.088094 79.818573 0.246295 -0.090960 0.964917 14.048809 0.000000 0.000000 0.000000 1.000000
0.974114 0.003995 -0.226021 -3.535834 0.020655 0.994088 0.106590 78.621567 0.225110 -0.108499 0.968273 15.415602 0.000000 0.000000 0.000000 1.000000
0.978454 0.008185 -0.206302 -4.015257 0.017978 0.992041 0.124629 77.363190 0.205680 -0.125653 0.970519 16.797396 0.000000 0.000000 0.000000 1.000000
0.981942 0.012503 -0.188768 -4.495509 0.014695 0.989758 0.141996 76.041626 0.188610 -0.142205 0.971702 18.192589 0.000000 0.000000 0.000000 1.000000
0.984597 0.017067 -0.174004 -4.973336 0.010895 0.987300 0.158490 74.655113 0.174500 -0.157945 0.971907 19.599569 0.000000 0.000000 0.000000 1.000000
0.985744 0.023248 -0.166637 -5.453408 0.006059 0.984860 0.173243 73.041641 0.168142 -0.171783 0.970680 21.062399 0.000000 0.000000 0.000000 1.000000
0.985307 0.031192 -0.167921 -5.909928 0.000388 0.982771 0.184828 70.831261 0.170793 -0.182178 0.968319 22.865089 0.000000 0.000000 0.000000 1.000000
0.983788 0.039800 -0.174865 -6.313117 -0.005399 0.981195 0.192946 67.883995 0.179256 -0.188873 0.965502 25.193548 0.000000 0.000000 0.000000 1.000000
0.980735 0.049570 -0.188947 -6.686183 -0.011563 0.980302 0.197165 63.837784 0.194998 -0.191182 0.961990 28.269234 0.000000 0.000000 0.000000 1.000000
0.973791 0.062382 -0.218722 -7.087161 -0.019214 0.980777 0.194184 57.348969 0.226632 -0.184892 0.956270 32.904247 0.000000 0.000000 0.000000 1.000000
0.963554 0.074901 -0.256815 -7.335803 -0.026797 0.982199 0.185920 50.539165 0.266169 -0.172262 0.948409 37.839985 0.000000 0.000000 0.000000 1.000000
0.952250 0.081987 -0.294105 -7.072890 -0.031295 0.984408 0.173096 46.679680 0.303711 -0.155627 0.939968 41.189285 0.000000 0.000000 0.000000 1.000000
0.940957 0.081420 -0.328589 -6.138002 -0.031380 0.987445 0.154814 46.717678 0.337068 -0.135363 0.931698 42.411854 0.000000 0.000000 0.000000 1.000000
0.929394 0.077359 -0.360890 -4.964291 -0.030021 0.990393 0.134983 47.824333 0.367866 -0.114618 0.922788 42.993622 0.000000 0.000000 0.000000 1.000000
0.917978 0.073684 -0.389728 -3.828282 -0.029852 0.992641 0.117360 48.801876 0.395507 -0.096100 0.913421 43.452858 0.000000 0.000000 0.000000 1.000000
0.908364 0.075843 -0.411246 -3.036645 -0.033971 0.993549 0.108198 48.662071 0.416799 -0.084313 0.905080 43.978371 0.000000 0.000000 0.000000 1.000000
0.897856 0.077861 -0.433351 -2.575637 -0.036570 0.994026 0.102831 47.583881 0.438768 -0.076480 0.895340 44.607262 0.000000 0.000000 0.000000 1.000000
0.886090 0.083272 -0.455971 -2.253472 -0.040951 0.993947 0.101940 47.261101 0.461700 -0.071655 0.884137 45.249874 0.000000 0.000000 0.000000 1.000000
0.879348 0.093818 -0.466846 -1.974101 -0.051234 0.993348 0.103121 47.618587 0.473415 -0.066761 0.878306 45.735592 0.000000 0.000000 0.000000 1.000000
0.880174 0.105707 -0.462731 -1.806418 -0.065680 0.992632 0.101826 48.177925 0.470085 -0.059233 0.880632 46.037304 0.000000 0.000000 0.000000 1.000000
0.885997 0.114702 -0.449280 -1.772944 -0.077383 0.991910 0.100633 48.632927 0.457188 -0.054394 0.887705 46.239189 0.000000 0.000000 0.000000 1.000000
0.892262 0.121314 -0.434915 -1.854433 -0.083774 0.990985 0.104552 48.998322 0.443677 -0.056853 0.894381 46.465408 0.000000 0.000000 0.000000 1.000000
0.896569 0.127713 -0.424092 -1.953130 -0.090951 0.990207 0.105915 49.283092 0.433466 -0.056388 0.899404 46.785072 0.000000 0.000000 0.000000 1.000000
0.902576 0.129703 -0.410528 -2.024307 -0.096843 0.990268 0.099951 49.516830 0.419497 -0.050457 0.906353 47.108833 0.000000 0.000000 0.000000 1.000000
0.909360 0.126040 -0.396456 -2.131017 -0.099933 0.991277 0.085925 49.711731 0.403828 -0.038518 0.914024 47.465137 0.000000 0.000000 0.000000 1.000000
0.913182 0.119676 -0.389585 -2.303336 -0.099645 0.992465 0.071307 49.855526 0.395183 -0.026296 0.918226 47.869236 0.000000 0.000000 0.000000 1.000000
0.915130 0.114368 -0.386596 -2.573871 -0.098675 0.993293 0.060270 49.968987 0.390896 -0.017008 0.920278 48.301498 0.000000 0.000000 0.000000 1.000000
0.916899 0.107792 -0.384287 -2.920497 -0.097863 0.994165 0.045365 50.029404 0.386934 -0.003988 0.922099 48.777523 0.000000 0.000000 0.000000 1.000000
0.916770 0.102015 -0.386167 -3.342857 -0.097394 0.994745 0.031571 50.069317 0.387359 0.008667 0.921888 49.288963 0.000000 0.000000 0.000000 1.000000
0.916792 0.096532 -0.387523 -3.804219 -0.097446 0.995090 0.017339 50.089218 0.387294 0.021866 0.921697 49.795483 0.000000 0.000000 0.000000 1.000000
0.917997 0.089042 -0.386463 -4.254601 -0.096447 0.995338 0.000231 50.081726 0.384682 0.037061 0.922305 50.312138 0.000000 0.000000 0.000000 1.000000
0.919694 0.080776 -0.384238 -4.695719 -0.094778 0.995343 -0.017611 50.064159 0.381026 0.052614 0.923066 50.825394 0.000000 0.000000 0.000000 1.000000
0.922284 0.071031 -0.379929 -5.124890 -0.091175 0.995210 -0.035265 50.038589 0.375605 0.067165 0.924343 51.304581 0.000000 0.000000 0.000000 1.000000
0.926916 0.057234 -0.370879 -5.524045 -0.082778 0.995141 -0.053312 49.991207 0.366025 0.080116 0.927150 51.703125 0.000000 0.000000 0.000000 1.000000
0.931269 0.041795 -0.361927 -5.998936 -0.073664 0.994481 -0.074703 49.925350 0.356807 0.096230 0.929209 52.165878 0.000000 0.000000 0.000000 1.000000
0.936090 0.028330 -0.350617 -6.520651 -0.065961 0.993208 -0.095854 49.832291 0.345520 0.112855 0.931601 52.684063 0.000000 0.000000 0.000000 1.000000
0.942073 0.016235 -0.335014 -7.093057 -0.058382 0.991518 -0.116121 49.710121 0.330287 0.128953 0.935030 53.267551 0.000000 0.000000 0.000000 1.000000
0.947932 0.004532 -0.318441 -7.672006 -0.050556 0.989361 -0.136414 49.572624 0.314435 0.145411 0.938076 53.874088 0.000000 0.000000 0.000000 1.000000
0.953598 -0.007152 -0.300997 -8.258540 -0.042480 0.986522 -0.158021 49.391495 0.298070 0.163475 0.940441 54.546432 0.000000 0.000000 0.000000 1.000000
0.959104 -0.018784 -0.282431 -8.854907 -0.034127 0.982843 -0.181257 49.170307 0.280990 0.183483 0.942008 55.276371 0.000000 0.000000 0.000000 1.000000
0.964949 -0.030468 -0.260664 -9.485135 -0.025652 0.977532 -0.209222 48.867302 0.261182 0.208575 0.942486 56.118240 0.000000 0.000000 0.000000 1.000000
0.970712 -0.041769 -0.236586 -10.134500 -0.016723 0.970634 -0.239979 48.509399 0.239662 0.236907 0.941508 57.029907 0.000000 0.000000 0.000000 1.000000
0.975951 -0.052345 -0.211612 -10.783811 -0.007116 0.962575 -0.270923 48.135445 0.217874 0.265913 0.939053 57.954594 0.000000 0.000000 0.000000 1.000000
0.980711 -0.062093 -0.185338 -11.435754 0.003189 0.953159 -0.302454 47.737385 0.195437 0.296029 0.934971 58.899982 0.000000 0.000000 0.000000 1.000000
0.985124 -0.070776 -0.156591 -12.098267 0.014283 0.941816 -0.335826 47.291843 0.171249 0.328594 0.928816 59.889698 0.000000 0.000000 0.000000 1.000000
0.989636 -0.077753 -0.120725 -12.802515 0.026883 0.926175 -0.376134 46.716408 0.141058 0.368990 0.918667 61.010868 0.000000 0.000000 0.000000 1.000000
0.993782 -0.086718 -0.069834 -13.656238 0.047812 0.898810 -0.435724 45.935112 0.100553 0.429676 0.897367 62.356964 0.000000 0.000000 0.000000 1.000000
0.995564 -0.093284 -0.012241 -14.554637 0.074672 0.862587 -0.500368 45.044888 0.057236 0.497234 0.865726 63.787762 0.000000 0.000000 0.000000 1.000000
0.994238 -0.095941 0.047811 -15.547434 0.106095 0.817058 -0.566710 43.938080 0.015306 0.568517 0.822529 65.463272 0.000000 0.000000 0.000000 1.000000
0.989752 -0.094178 0.107334 -16.783215 0.141164 0.758556 -0.636133 42.355820 -0.021509 0.644766 0.764077 67.754799 0.000000 0.000000 0.000000 1.000000
0.982047 -0.086822 0.167467 -18.284485 0.180998 0.683755 -0.706908 40.324287 -0.053131 0.724528 0.687194 70.726715 0.000000 0.000000 0.000000 1.000000
0.968112 -0.069200 0.240772 -20.146330 0.235432 0.579798 -0.780004 37.523315 -0.085623 0.811816 0.577601 74.569878 0.000000 0.000000 0.000000 1.000000
0.949227 -0.043536 0.311563 -21.907047 0.295209 0.465522 -0.834351 33.866211 -0.108715 0.883965 0.454739 78.392456 0.000000 0.000000 0.000000 1.000000
0.924691 -0.012765 0.380504 -23.436703 0.361302 0.344513 -0.866471 28.567945 -0.120028 0.938695 0.323181 81.944527 0.000000 0.000000 0.000000 1.000000
0.893987 0.010935 0.447959 -24.640129 0.433711 0.230117 -0.871172 22.175877 -0.112609 0.973101 0.200979 84.875999 0.000000 0.000000 0.000000 1.000000
0.862942 0.017358 0.505005 -25.591892 0.498636 0.132561 -0.856615 17.682371 -0.081813 0.991023 0.105737 87.324219 0.000000 0.000000 0.000000 1.000000
0.851458 0.005168 0.524397 -26.164955 0.523851 0.038284 -0.850949 16.650139 -0.024473 0.999254 0.029890 89.795715 0.000000 0.000000 0.000000 1.000000
0.873644 -0.002959 0.486557 -26.137377 0.485711 -0.053951 -0.872453 17.433449 0.028832 0.998539 -0.045696 92.419449 0.000000 0.000000 0.000000 1.000000
0.893209 0.005023 0.449614 -25.915308 0.447551 -0.106260 -0.887923 18.309206 0.043316 0.994326 -0.097160 94.505875 0.000000 0.000000 0.000000 1.000000
0.899635 0.014461 0.436404 -25.819885 0.434826 -0.120762 -0.892380 18.898420 0.039797 0.992576 -0.114930 95.432693 0.000000 0.000000 0.000000 1.000000
0.905558 0.018239 0.423830 -25.719067 0.422650 -0.124704 -0.897672 19.153648 0.036481 0.992026 -0.120636 96.035652 0.000000 0.000000 0.000000 1.000000
0.910720 0.013645 0.412798 -25.616232 0.411271 -0.121951 -0.903319 18.979359 0.038016 0.992442 -0.116675 96.263062 0.000000 0.000000 0.000000 1.000000
0.916247 0.007158 0.400550 -25.485327 0.398562 -0.117338 -0.909604 18.649450 0.040489 0.993066 -0.110364 96.348099 0.000000 0.000000 0.000000 1.000000
0.923237 0.001313 0.384230 -25.285576 0.381915 -0.112794 -0.917289 18.212326 0.042134 0.993618 -0.104637 96.328827 0.000000 0.000000 0.000000 1.000000
0.934555 -0.000413 0.355819 -24.883118 0.353634 -0.109579 -0.928943 17.598141 0.039374 0.993978 -0.102262 96.108383 0.000000 0.000000 0.000000 1.000000
0.945037 -0.000050 0.326963 -24.451996 0.325290 -0.100895 -0.940216 17.109304 0.033036 0.994897 -0.095334 95.814987 0.000000 0.000000 0.000000 1.000000
0.952892 0.002955 0.303297 -24.143995 0.302317 -0.090125 -0.948937 16.843336 0.024531 0.995926 -0.086773 95.341469 0.000000 0.000000 0.000000 1.000000
0.959120 0.009247 0.282849 -23.971123 0.282639 -0.081766 -0.955735 16.689167 0.014290 0.996609 -0.081037 94.577293 0.000000 0.000000 0.000000 1.000000
0.963257 0.017965 0.267980 -23.940100 0.268553 -0.078900 -0.960028 16.490860 0.003896 0.996721 -0.080825 93.490433 0.000000 0.000000 0.000000 1.000000
0.965681 0.023310 0.258682 -23.902063 0.259720 -0.077828 -0.962543 16.211142 -0.002304 0.996694 -0.081211 92.713715 0.000000 0.000000 0.000000 1.000000
0.967051 0.024200 0.253429 -23.820190 0.254544 -0.074720 -0.964170 16.022346 -0.004397 0.996911 -0.078418 92.480064 0.000000 0.000000 0.000000 1.000000
0.967968 0.024207 0.249904 -23.738169 0.251009 -0.070652 -0.965403 15.905121 -0.005713 0.997207 -0.074465 92.437195 0.000000 0.000000 0.000000 1.000000
0.968457 0.024379 0.247986 -23.672478 0.249083 -0.066786 -0.966177 15.815286 -0.006992 0.997469 -0.070751 92.460289 0.000000 0.000000 0.000000 1.000000
0.967516 0.026384 0.251429 -23.681919 0.252643 -0.064762 -0.965390 15.774292 -0.009188 0.997552 -0.069324 92.570442 0.000000 0.000000 0.000000 1.000000
0.964626 0.028277 0.262102 -23.805700 0.263457 -0.068108 -0.962264 15.785053 -0.009359 0.997277 -0.073148 92.776306 0.000000 0.000000 0.000000 1.000000
0.961569 0.028252 0.273106 -23.936430 0.274472 -0.073279 -0.958799 15.771496 -0.007075 0.996911 -0.078217 92.970131 0.000000 0.000000 0.000000 1.000000
0.959148 0.026830 0.281630 -24.027782 0.282883 -0.078501 -0.955937 15.697912 -0.003539 0.996553 -0.082883 93.118065 0.000000 0.000000 0.000000 1.000000
0.956796 0.025262 0.289660 -24.111340 0.290760 -0.083723 -0.953126 15.613373 0.000174 0.996169 -0.087451 93.257957 0.000000 0.000000 0.000000 1.000000</float_array><technique_common><accessor source="#Hips-Matrix-animation-output-transform-array" count="118" stride="16"><param type="float4x4"/></accessor></technique_common></source><source id="Hips-Interpolations"><Name_array id="Hips-Interpolations-array" count="118">
 LINEAR LINEAR LINEAR LINEAR LINEAR LINEAR LINEAR LINEAR LINEAR LINEAR LINEAR
LINEAR LINEAR LINEAR LINEAR LINEAR LINEAR LINEAR LINEAR LINEAR LINEAR LINEAR LINEAR
LINEAR LINEAR LINEAR LINEAR LINEAR LINEAR LINEAR LINEAR LINEAR LINEAR LINEAR LINEAR
LINEAR LINEAR LINEAR LINEAR LINEAR LINEAR LINEAR LINEAR LINEAR LINEAR LINEAR LINEAR
LINEAR LINEAR LINEAR LINEAR LINEAR LINEAR LINEAR LINEAR LINEAR LINEAR LINEAR LINEAR
LINEAR LINEAR LINEAR LINEAR LINEAR LINEAR LINEAR LINEAR LINEAR LINEAR LINEAR LINEAR
LINEAR LINEAR LINEAR LINEAR LINEAR LINEAR LINEAR LINEAR LINEAR LINEAR LINEAR LINEAR
LINEAR LINEAR LINEAR LINEAR LINEAR LINEAR LINEAR LINEAR LINEAR LINEAR LINEAR LINEAR
LINEAR LINEAR LINEAR LINEAR LINEAR LINEAR LINEAR LINEAR LINEAR LINEAR LINEAR LINEAR
LINEAR LINEAR LINEAR LINEAR LINEAR LINEAR LINEAR LINEAR LINEAR LINEAR LINEAR</Name_array><technique_common><accessor source="#Hips-Interpolations-array" count="118"><param type="name"/></accessor></technique_common></source><sampler id="Hips-Matrix-animation-transform"><input semantic="INPUT" source="#Hips-Matrix-animation-input"/><input semantic="OUTPUT" source="#Hips-Matrix-animation-output-transform"/><input semantic="INTERPOLATION" source="#Hips-Interpolations"/></sampler><channel source="#Hips-Matrix-animation-transform" target="Hips/matrix"/></animation>
    <animation id="Spine-anim" name="Spine"><source id="Spine-Matrix-animation-input"><float_array id="Spine-Matrix-animation-input-array" count="118">

0.000000 0.033333 0.066667 0.100000 0.133333 0.166667 0.200000 0.233333 0.266667 0.300000 0.333333 0.366667 0.400000 0.433333 0.466667 0.500000
0.533333 0.566667 0.600000 0.633333 0.666667 0.700000 0.733333 0.766667 0.800000 0.833333 0.866667 0.900000 0.933333 0.966667 1.000000 1.033333
1.066667 1.100000 1.133333 1.166667 1.200000 1.233333 1.266667 1.300000 1.333333 1.366667 1.400000 1.433333 1.466667 1.500000 1.533333 1.566667
1.600000 1.633333 1.666667 1.700000 1.733333 1.766667 1.800000 1.833333 1.866667 1.900000 1.933333 1.966667 2.000000 2.033333 2.066667 2.100000
2.133333 2.166667 2.200000 2.233333 2.266667 2.300000 2.333333 2.366667 2.400000 2.433333 2.466667 2.500000 2.533333 2.566667 2.600000 2.633333
2.666667 2.700000 2.733333 2.766667 2.800000 2.833333 2.866667 2.900000 2.933333 2.966667 3.000000 3.033333 3.066667 3.100000 3.133333 3.166667
3.200000 3.233333 3.266667 3.300000 3.333333 3.366667 3.400000 3.433333 3.466667 3.500000 3.533333 3.566667 3.600000 3.633333 3.666667 3.700000
3.733333 3.766667 3.800000 3.833333 3.866667 3.900000</float_array><technique_common><accessor source="#Spine-Matrix-animation-input-array" count="118"><param name="TIME" type="float"/></accessor></technique_common></source><source id="Spine-Matrix-animation-output-transform"><float_array id="Spine-Matrix-animation-output-transform-array" count="1888">

0.996569 0.054883 0.061948 0.017300 -0.046550 0.990584 -0.128751 10.574800 -0.068431 0.125426 0.989740 -1.117200 0.000000 0.000000 0.000000 1.000000
0.996989 0.056017 0.053615 0.017300 -0.048064 0.989041 -0.139599 10.574800 -0.060847 0.136602 0.988756 -1.117200 0.000000 0.000000 0.000000 1.000000
0.997627 0.057957 0.037180 0.017300 -0.051340 0.985899 -0.159273 10.574800 -0.045887 0.156986 0.986534 -1.117200 0.000000 0.000000 0.000000 1.000000
0.998310 0.057167 0.010427 0.017300 -0.054271 0.981359 -0.184360 10.574800 -0.020772 0.183482 0.982803 -1.117200 0.000000 0.000000 0.000000 1.000000
0.998173 0.058687 -0.014354 0.017300 -0.060387 0.976619 -0.206322 10.574800 0.001910 0.206812 0.978379 -1.117200 0.000000 0.000000 0.000000 1.000000
0.997260 0.069023 -0.026615 0.017300 -0.073367 0.968917 -0.236257 10.574800 0.009481 0.237563 0.971326 -1.117200 0.000000 0.000000 0.000000 1.000000
0.996007 0.083010 -0.032841 0.017300 -0.088965 0.953421 -0.288224 10.574800 0.007386 0.289995 0.957000 -1.117200 0.000000 0.000000 0.000000 1.000000
0.994926 0.091236 -0.042398 0.017300 -0.100368 0.929100 -0.355950 10.574800 0.006916 0.358399 0.933543 -1.117200 0.000000 0.000000 0.000000 1.000000
0.994430 0.090512 -0.054010 0.017300 -0.104844 0.902083 -0.418635 10.574800 0.010830 0.421965 0.906547 -1.117200 0.000000 0.000000 0.000000 1.000000
0.994569 0.088968 -0.054003 0.017300 -0.103854 0.882182 -0.459314 10.574800 0.006776 0.462428 0.886631 -1.117200 0.000000 0.000000 0.000000 1.000000
0.994780 0.095528 -0.035887 0.017300 -0.100922 0.868932 -0.484533 10.574800 -0.015103 0.485626 0.874036 -1.117200 0.000000 0.000000 0.000000 1.000000
0.994055 0.108439 -0.009829 0.017300 -0.098651 0.858751 -0.502807 10.574800 -0.046084 0.500787 0.864343 -1.117200 0.000000 0.000000 0.000000 1.000000
0.992835 0.119283 0.007100 0.017300 -0.098492 0.850541 -0.516603 10.574800 -0.067661 0.512202 0.856195 -1.117200 0.000000 0.000000 0.000000 1.000000
0.992315 0.123229 0.011195 0.017300 -0.099106 0.845696 -0.524382 10.574800 -0.074087 0.519243 0.851409 -1.117200 0.000000 0.000000 0.000000 1.000000
0.992047 0.125300 0.011923 0.017300 -0.099958 0.841866 -0.530349 10.574800 -0.076491 0.524940 0.847695 -1.117200 0.000000 0.000000 0.000000 1.000000
0.991877 0.126667 0.011653 0.017300 -0.100807 0.838622 -0.535305 10.574800 -0.077578 0.529782 0.844579 -1.117200 0.000000 0.000000 0.000000 1.000000
0.991739 0.127770 0.011335 0.017300 -0.101522 0.835860 -0.539474 10.574800 -0.078403 0.533867 0.841926 -1.117200 0.000000 0.000000 0.000000 1.000000
0.991682 0.128060 0.012928 0.017300 -0.100990 0.836438 -0.538677 10.574800 -0.079796 0.532890 0.842413 -1.117200 0.000000 0.000000 0.000000 1.000000
0.991686 0.127747 0.015506 0.017300 -0.099797 0.839537 -0.534059 10.574800 -0.081242 0.528071 0.845305 -1.117200 0.000000 0.000000 0.000000 1.000000
0.991788 0.126761 0.016948 0.017300 -0.098735 0.843171 -0.528503 10.574800 -0.081284 0.522489 0.848763 -1.117200 0.000000 0.000000 0.000000 1.000000
0.991959 0.125448 0.016742 0.017300 -0.098125 0.845875 -0.524277 10.574800 -0.079931 0.518419 0.851383 -1.117200 0.000000 0.000000 0.000000 1.000000
0.992131 0.124286 0.015138 0.017300 -0.098273 0.847930 -0.520919 10.574800 -0.077579 0.515332 0.853472 -1.117200 0.000000 0.000000 0.000000 1.000000
0.992295 0.123238 0.012768 0.017300 -0.098872 0.849752 -0.517828 10.574800 -0.074666 0.512576 0.855389 -1.117200 0.000000 0.000000 0.000000 1.000000
0.992451 0.122214 0.010242 0.017300 -0.099545 0.851505 -0.514811 10.574800 -0.071639 0.509905 0.857242 -1.117200 0.000000 0.000000 0.000000 1.000000
0.992624 0.120994 0.007635 0.017300 -0.100072 0.853274 -0.511771 10.574800 -0.068436 0.507232 0.859088 -1.117200 0.000000 0.000000 0.000000 1.000000
0.992844 0.119309 0.005139 0.017300 -0.100137 0.855210 -0.508516 10.574800 -0.065065 0.504362 0.861037 -1.117200 0.000000 0.000000 0.000000 1.000000
0.993199 0.116390 0.003042 0.017300 -0.098923 0.857347 -0.505143 10.574800 -0.061401 0.501407 0.863030 -1.117200 0.000000 0.000000 0.000000 1.000000
0.993585 0.113088 0.000882 0.017300 -0.097388 0.859557 -0.501674 10.574800 -0.057491 0.498370 0.865056 -1.117200 0.000000 0.000000 0.000000 1.000000
0.993987 0.109492 -0.001244 0.017300 -0.095555 0.861798 -0.498171 10.574800 -0.053474 0.495294 0.867078 -1.117200 0.000000 0.000000 0.000000 1.000000
0.994394 0.105693 -0.003241 0.017300 -0.093449 0.864026 -0.494699 10.574800 -0.049485 0.492228 0.869059 -1.117200 0.000000 0.000000 0.000000 1.000000
0.994794 0.101779 -0.005017 0.017300 -0.091100 0.866202 -0.491319 10.574800 -0.045660 0.489219 0.870965 -1.117200 0.000000 0.000000 0.000000 1.000000
0.995181 0.097841 -0.006474 0.017300 -0.088541 0.868289 -0.488093 10.574800 -0.042135 0.486314 0.872767 -1.117200 0.000000 0.000000 0.000000 1.000000
0.995547 0.093969 -0.007516 0.017300 -0.085805 0.870249 -0.485082 10.574800 -0.039042 0.483566 0.874437 -1.117200 0.000000 0.000000 0.000000 1.000000
0.995886 0.090253 -0.008051 0.017300 -0.082929 0.872048 -0.482343 10.574800 -0.036513 0.481026 0.875945 -1.117200 0.000000 0.000000 0.000000 1.000000
0.996210 0.086610 -0.008033 0.017300 -0.079822 0.873615 -0.480027 10.574800 -0.034557 0.478849 0.877217 -1.117200 0.000000 0.000000 0.000000 1.000000
0.996528 0.082910 -0.007540 0.017300 -0.076412 0.874941 -0.478163 10.574800 -0.033047 0.477079 0.878239 -1.117200 0.000000 0.000000 0.000000 1.000000
0.996839 0.079175 -0.006653 0.017300 -0.072765 0.876088 -0.476630 10.574800 -0.031909 0.475607 0.879079 -1.117200 0.000000 0.000000 0.000000 1.000000
0.997136 0.075426 -0.005453 0.017300 -0.068947 0.877116 -0.475303 10.574800 -0.031068 0.474318 0.879805 -1.117200 0.000000 0.000000 0.000000 1.000000
0.997419 0.071685 -0.004021 0.017300 -0.065020 0.878087 -0.474063 10.574800 -0.030453 0.473101 0.880482 -1.117200 0.000000 0.000000 0.000000 1.000000
0.997684 0.067973 -0.002438 0.017300 -0.061046 0.879060 -0.472787 10.574800 -0.029994 0.471840 0.881174 -1.117200 0.000000 0.000000 0.000000 1.000000
0.997930 0.064312 -0.000785 0.017300 -0.057089 0.880095 -0.471353 10.574800 -0.029623 0.470422 0.881944 -1.117200 0.000000 0.000000 0.000000 1.000000
0.998154 0.060723 0.000855 0.017300 -0.053209 0.881250 -0.469645 10.574800 -0.029272 0.468733 0.882855 -1.117200 0.000000 0.000000 0.000000 1.000000
0.998358 0.057227 0.002401 0.017300 -0.049467 0.882585 -0.467543 10.574800 -0.028875 0.466656 0.883967 -1.117200 0.000000 0.000000 0.000000 1.000000
0.998542 0.053846 0.003770 0.017300 -0.045923 0.884156 -0.464929 10.574800 -0.028368 0.464078 0.885340 -1.117200 0.000000 0.000000 0.000000 1.000000
0.998707 0.050602 0.004882 0.017300 -0.042636 0.886019 -0.461685 10.574800 -0.027688 0.460880 0.887031 -1.117200 0.000000 0.000000 0.000000 1.000000
0.998844 0.047745 0.005510 0.017300 -0.039959 0.888667 -0.456808 10.574800 -0.026707 0.456060 0.889548 -1.117200 0.000000 0.000000 0.000000 1.000000
0.999090 0.042154 0.006544 0.017300 -0.034781 0.893759 -0.447197 10.574800 -0.024700 0.446562 0.894412 -1.117200 0.000000 0.000000 0.000000 1.000000
0.999491 0.030671 0.008830 0.017300 -0.023894 0.902478 -0.430072 10.574800 -0.021159 0.429642 0.902751 -1.117200 0.000000 0.000000 0.000000 1.000000
0.999876 0.008053 0.013539 0.017300 -0.001967 0.916553 -0.399909 10.574800 -0.015630 0.399833 0.916455 -1.117200 0.000000 0.000000 0.000000 1.000000
0.999054 -0.036678 0.023364 0.017300 0.042607 0.933098 -0.357088 10.574800 -0.008703 0.357746 0.933779 -1.117200 0.000000 0.000000 0.000000 1.000000
0.996221 -0.080213 0.033317 0.017300 0.086709 0.940837 -0.327579 10.574800 -0.005070 0.329229 0.944236 -1.117200 0.000000 0.000000 0.000000 1.000000
0.994376 -0.098181 0.039715 0.017300 0.105706 0.943261 -0.314777 10.574800 -0.006556 0.317204 0.948335 -1.117200 0.000000 0.000000 0.000000 1.000000
0.994833 -0.091986 0.042960 0.017300 0.100806 0.945229 -0.310452 10.574800 -0.012049 0.313179 0.949618 -1.117200 0.000000 0.000000 0.000000 1.000000
0.995778 -0.079967 0.045066 0.017300 0.090046 0.946290 -0.310526 10.574800 -0.017814 0.313273 0.949496 -1.117200 0.000000 0.000000 0.000000 1.000000
0.996170 -0.075511 0.044090 0.017300 0.085615 0.944798 -0.316271 10.574800 -0.017775 0.318834 0.947644 -1.117200 0.000000 0.000000 0.000000 1.000000
0.996219 -0.078325 0.037602 0.017300 0.086302 0.942062 -0.324148 10.574800 -0.010034 0.326167 0.945259 -1.117200 0.000000 0.000000 0.000000 1.000000
0.996337 -0.080263 0.029505 0.017300 0.085504 0.940305 -0.329416 10.574800 -0.001304 0.330732 0.943724 -1.117200 0.000000 0.000000 0.000000 1.000000
0.996628 -0.078449 0.024047 0.017300 0.081981 0.939801 -0.331743 10.574800 0.003426 0.332596 0.943063 -1.117200 0.000000 0.000000 0.000000 1.000000
0.996953 -0.075024 0.021378 0.017300 0.077856 0.939650 -0.333161 10.574800 0.004907 0.333810 0.942627 -1.117200 0.000000 0.000000 0.000000 1.000000
0.997320 -0.070017 0.021201 0.017300 0.073072 0.939520 -0.334609 10.574800 0.003509 0.335261 0.942119 -1.117200 0.000000 0.000000 0.000000 1.000000
0.997794 -0.061462 0.025106 0.017300 0.066332 0.938893 -0.337758 10.574800 -0.002813 0.338678 0.940898 -1.117200 0.000000 0.000000 0.000000 1.000000
0.998143 -0.050886 0.033478 0.017300 0.059279 0.937899 -0.341805 10.574800 -0.014006 0.343155 0.939174 -1.117200 0.000000 0.000000 0.000000 1.000000
0.998260 -0.043179 0.040145 0.017300 0.054359 0.937713 -0.343132 10.574800 -0.022829 0.344717 0.938429 -1.117200 0.000000 0.000000 0.000000 1.000000
0.998381 -0.040319 0.040117 0.017300 0.051560 0.939340 -0.339090 10.574800 -0.024011 0.340610 0.939898 -1.117200 0.000000 0.000000 0.000000 1.000000
0.998557 -0.038940 0.036982 0.017300 0.049029 0.942026 -0.331937 10.574800 -0.021913 0.333271 0.942576 -1.117200 0.000000 0.000000 0.000000 1.000000
0.998686 -0.035964 0.036503 0.017300 0.045903 0.944486 -0.325330 10.574800 -0.022777 0.326579 0.944896 -1.117200 0.000000 0.000000 0.000000 1.000000
0.998772 -0.031294 0.038400 0.017300 0.041969 0.946365 -0.320363 10.574800 -0.026315 0.321581 0.946516 -1.117200 0.000000 0.000000 0.000000 1.000000
0.998866 -0.025428 0.040252 0.017300 0.036883 0.947892 -0.316449 10.574800 -0.030108 0.317575 0.947755 -1.117200 0.000000 0.000000 0.000000 1.000000
0.998946 -0.018532 0.041985 0.017300 0.030757 0.949330 -0.312771 10.574800 -0.034061 0.313733 0.948900 -1.117200 0.000000 0.000000 0.000000 1.000000
0.998975 -0.011551 0.043761 0.017300 0.024545 0.950621 -0.309382 10.574800 -0.038026 0.310139 0.949930 -1.117200 0.000000 0.000000 0.000000 1.000000
0.998991 -0.005755 0.044550 0.017300 0.019120 0.951913 -0.305771 10.574800 -0.040648 0.306315 0.951062 -1.117200 0.000000 0.000000 0.000000 1.000000
0.999036 -0.001088 0.043888 0.017300 0.014325 0.953055 -0.302460 10.574800 -0.041498 0.302797 0.952151 -1.117200 0.000000 0.000000 0.000000 1.000000
0.999071 0.003844 0.042914 0.017300 0.009258 0.953596 -0.300946 10.574800 -0.042079 0.301064 0.952675 -1.117200 0.000000 0.000000 0.000000 1.000000
0.998982 0.009937 0.043998 0.017300 0.003724 0.953935 -0.299991 10.574800 -0.044953 0.299849 0.952927 -1.117200 0.000000 0.000000 0.000000 1.000000
0.998679 0.016829 0.048540 0.017300 -0.001628 0.954722 -0.297496 10.574800 -0.051349 0.297024 0.953488 -1.117200 0.000000 0.000000 0.000000 1.000000
0.998171 0.023720 0.055602 0.017300 -0.006381 0.956003 -0.293289 10.574800 -0.060112 0.292398 0.954406 -1.117200 0.000000 0.000000 0.000000 1.000000
0.997561 0.030270 0.062894 0.017300 -0.010802 0.957163 -0.289347 10.574800 -0.068958 0.287962 0.955156 -1.117200 0.000000 0.000000 0.000000 1.000000
0.996955 0.036616 0.068849 0.017300 -0.015386 0.957915 -0.286641 10.574800 -0.076447 0.284709 0.955561 -1.117200 0.000000 0.000000 0.000000 1.000000
0.996426 0.042905 0.072759 0.017300 -0.020436 0.958248 -0.285207 10.574800 -0.081958 0.282700 0.955700 -1.117200 0.000000 0.000000 0.000000 1.000000
0.996048 0.049254 0.073909 0.017300 -0.026200 0.958058 -0.285375 10.574800 -0.084865 0.282311 0.955562 -1.117200 0.000000 0.000000 0.000000 1.000000
0.995816 0.055800 0.072359 0.017300 -0.032777 0.957323 -0.287156 10.574800 -0.085295 0.283583 0.955147 -1.117200 0.000000 0.000000 0.000000 1.000000
0.995665 0.062551 0.068834 0.017300 -0.040011 0.956151 -0.290128 10.574800 -0.083964 0.286117 0.954509 -1.117200 0.000000 0.000000 0.000000 1.000000
0.995515 0.069354 0.064344 0.017300 -0.047533 0.954734 -0.293639 10.574800 -0.081797 0.289264 0.953748 -1.117200 0.000000 0.000000 0.000000 1.000000
0.995341 0.076118 0.059184 0.017300 -0.055194 0.953100 -0.297579 10.574800 -0.079060 0.292926 0.952861 -1.117200 0.000000 0.000000 0.000000 1.000000
0.995173 0.082699 0.052835 0.017300 -0.062985 0.951113 -0.302353 10.574800 -0.075257 0.297566 0.951731 -1.117200 0.000000 0.000000 0.000000 1.000000
0.995056 0.088082 0.045874 0.017300 -0.069841 0.949042 -0.307313 10.574800 -0.070605 0.302590 0.950502 -1.117200 0.000000 0.000000 0.000000 1.000000
0.994906 0.092912 0.039105 0.017300 -0.076425 0.948173 -0.308429 10.574800 -0.065735 0.303869 0.950443 -1.117200 0.000000 0.000000 0.000000 1.000000
0.994689 0.097692 0.032418 0.017300 -0.083057 0.947820 -0.307795 10.574800 -0.060796 0.303468 0.950900 -1.117200 0.000000 0.000000 0.000000 1.000000
0.994443 0.102349 0.024674 0.017300 -0.090048 0.948295 -0.304348 10.574800 -0.054548 0.300435 0.952241 -1.117200 0.000000 0.000000 0.000000 1.000000
0.994193 0.106714 0.013848 0.017300 -0.097920 0.950522 -0.294821 10.574800 -0.044625 0.291753 0.955452 -1.117200 0.000000 0.000000 0.000000 1.000000
0.993942 0.109888 -0.001949 0.017300 -0.106062 0.954383 -0.279113 10.574800 -0.028811 0.277629 0.960256 -1.117200 0.000000 0.000000 0.000000 1.000000
0.993389 0.111862 -0.025808 0.017300 -0.114716 0.958655 -0.260424 10.574800 -0.004390 0.261662 0.965149 -1.117200 0.000000 0.000000 0.000000 1.000000
0.992476 0.110531 -0.052678 0.017300 -0.119994 0.963613 -0.238855 10.574800 0.024360 0.243379 0.969625 -1.117200 0.000000 0.000000 0.000000 1.000000
0.991767 0.102809 -0.076350 0.017300 -0.117073 0.969514 -0.215258 10.574800 0.051892 0.222424 0.973568 -1.117200 0.000000 0.000000 0.000000 1.000000
0.992889 0.090427 -0.077426 0.017300 -0.104625 0.973121 -0.205156 10.574800 0.056794 0.211798 0.975662 -1.117200 0.000000 0.000000 0.000000 1.000000
0.994600 0.088600 -0.054043 0.017300 -0.098200 0.971912 -0.213880 10.574800 0.033575 0.218032 0.975364 -1.117200 0.000000 0.000000 0.000000 1.000000
0.992148 0.121475 -0.029761 0.017300 -0.125045 0.967943 -0.217829 10.574800 0.002346 0.219840 0.975533 -1.117200 0.000000 0.000000 0.000000 1.000000
0.982927 0.181100 -0.032523 0.017300 -0.183997 0.967150 -0.175402 10.574800 -0.000310 0.178391 0.983960 -1.117200 0.000000 0.000000 0.000000 1.000000
0.975733 0.216834 -0.030460 0.017300 -0.218954 0.967470 -0.126732 10.574800 0.001989 0.130326 0.991469 -1.117200 0.000000 0.000000 0.000000 1.000000
0.974984 0.220951 -0.024245 0.017300 -0.222270 0.968284 -0.114114 10.574800 -0.001737 0.116649 0.993172 -1.117200 0.000000 0.000000 0.000000 1.000000
0.974615 0.222610 -0.023868 0.017300 -0.223880 0.968214 -0.111533 10.574800 -0.001719 0.114045 0.993474 -1.117200 0.000000 0.000000 0.000000 1.000000
0.973679 0.225933 -0.030069 0.017300 -0.227899 0.967055 -0.113427 10.574800 0.003451 0.117294 0.993091 -1.117200 0.000000 0.000000 0.000000 1.000000
0.972505 0.229732 -0.038187 0.017300 -0.232661 0.965597 -0.116156 10.574800 0.010188 0.121847 0.992497 -1.117200 0.000000 0.000000 0.000000 1.000000
0.971160 0.233789 -0.046798 0.017300 -0.237779 0.964141 -0.117870 10.574800 0.017563 0.125598 0.991926 -1.117200 0.000000 0.000000 0.000000 1.000000
0.969795 0.237578 -0.055269 0.017300 -0.242574 0.963142 -0.116260 10.574800 0.025611 0.126155 0.991680 -1.117200 0.000000 0.000000 0.000000 1.000000
0.969295 0.237192 -0.064862 0.017300 -0.243503 0.962595 -0.118819 10.574800 0.034253 0.130965 0.990795 -1.117200 0.000000 0.000000 0.000000 1.000000
0.969581 0.232849 -0.075457 0.017300 -0.240887 0.962422 -0.125366 10.574800 0.043430 0.139729 0.989237 -1.117200 0.000000 0.000000 0.000000 1.000000
0.970416 0.226306 -0.084133 0.017300 -0.235872 0.963018 -0.130234 10.574800 0.051549 0.146226 0.987907 -1.117200 0.000000 0.000000 0.000000 1.000000
0.971535 0.219660 -0.088708 0.017300 -0.229896 0.964587 -0.129304 10.574800 0.057164 0.146017 0.987629 -1.117200 0.000000 0.000000 0.000000 1.000000
0.972556 0.214839 -0.089329 0.017300 -0.224959 0.966283 -0.125266 10.574800 0.059406 0.141923 0.988093 -1.117200 0.000000 0.000000 0.000000 1.000000
0.973357 0.211768 -0.087923 0.017300 -0.221700 0.967053 -0.125131 10.574800 0.058528 0.141290 0.988237 -1.117200 0.000000 0.000000 0.000000 1.000000
0.974086 0.209049 -0.086346 0.017300 -0.218946 0.967293 -0.128089 10.574800 0.056745 0.143675 0.987997 -1.117200 0.000000 0.000000 0.000000 1.000000
0.974769 0.206320 -0.085188 0.017300 -0.216277 0.967397 -0.131783 10.574800 0.055221 0.146882 0.987611 -1.117200 0.000000 0.000000 0.000000 1.000000
0.975357 0.203103 -0.086181 0.017300 -0.213450 0.967491 -0.135648 10.574800 0.055829 0.150700 0.987002 -1.117200 0.000000 0.000000 0.000000 1.000000
0.975590 0.200394 -0.089810 0.017300 -0.211462 0.967580 -0.138102 10.574800 0.059223 0.153723 0.986338 -1.117200 0.000000 0.000000 0.000000 1.000000
