<?xml version="1.0" encoding="utf-8"?>
<COLLADA xmlns="http://www.collada.org/2005/11/COLLADASchema" version="1.4.1">
  <asset><contributor><author>Mixamo</author><authoring_tool>COLLADA Mixamo exporter</authoring_tool><comments></comments></contributor><created>2018-10-22T12:37:22Z</created><modified>2018-10-22T12:37:22Z</modified><revision></revision><title></title><unit meter="0.010000"/><up_axis>Y_UP</up_axis></asset>
  <library_animations>
    <animation id="Hips-anim" name="Hips"><source id="Hips-Matrix-animation-input"><float_array id="Hips-Matrix-animation-input-array" count="33">

0.000000 0.033333 0.066667 0.100000 0.133333 0.166667 0.200000 0.233333 0.266667 0.300000 0.333333 0.366667 0.400000 0.433333 0.466667 0.500000
0.533333 0.566667 0.600000 0.633333 0.666667 0.700000 0.733333 0.766667 0.800000 0.833333 0.866667 0.900000 0.933333 0.966667 1.000000 1.033333
1.066667</float_array><technique_common><accessor source="#Hips-Matrix-animation-input-array" count="33"><param name="TIME" type="float"/></accessor></technique_common></source><source id="Hips-Matrix-animation-output-transform"><float_array id="Hips-Matrix-animation-output-transform-array" count="528">

0.999664 -0.025888 0.001264 0.000044 0.025858 0.999461 0.020221 91.746719 -0.001787 -0.020182 0.999795 -0.000053 0.000000 0.000000 0.000000 1.000000
0.999365 -0.031631 -0.016410 -0.115984 0.031920 0.999335 0.017646 92.392624 0.015841 -0.018159 0.999710 -0.293771 0.000000 0.000000 0.000000 1.000000
0.998747 -0.036596 -0.034145 -0.205210 0.037115 0.999203 0.014684 92.635750 0.033581 -0.015933 0.999309 -0.499385 0.000000 0.000000 0.000000 1.000000
0.997617 -0.041238 -0.055322 -0.254357 0.041946 0.999051 0.011697 92.502068 0.054787 -0.013990 0.998400 -0.544384 0.000000 0.000000 0.000000 1.000000
0.995699 -0.042499 -0.082321 -0.253692 0.043277 0.999034 0.007682 91.977737 0.081915 -0.011211 0.996576 -0.583470 0.000000 0.000000 0.000000 1.000000
0.992858 -0.038315 -0.112984 -0.199820 0.039026 0.999230 0.004090 91.218460 0.112740 -0.008470 0.993588 -0.460251 0.000000 0.000000 0.000000 1.000000
0.989451 -0.033546 -0.140931 0.013926 0.033762 0.999430 -0.000857 90.298233 0.140879 -0.003910 0.990019 -0.331274 0.000000 0.000000 0.000000 1.000000
0.987307 -0.031084 -0.155755 0.465832 0.031025 0.999515 -0.002815 89.379135 0.155767 -0.002053 0.987792 0.019903 0.000000 0.000000 0.000000 1.000000
0.986475 -0.030979 -0.160959 1.130845 0.031143 0.999514 -0.001505 88.543259 0.160927 -0.003528 0.986960 0.726041 0.000000 0.000000 0.000000 1.000000
0.985848 -0.030129 -0.164914 1.884207 0.031084 0.999512 0.003213 87.890602 0.164736 -0.008294 0.986303 1.589791 0.000000 0.000000 0.000000 1.000000
0.985702 -0.026049 -0.166473 2.552360 0.028134 0.999552 0.010181 87.611877 0.166133 -0.014719 0.985993 2.269871 0.000000 0.000000 0.000000 1.000000
0.986113 -0.020108 -0.164855 3.088618 0.023235 0.999584 0.017063 87.715210 0.164444 -0.020657 0.986170 2.683418 0.000000 0.000000 0.000000 1.000000
0.986909 -0.013714 -0.160695 3.544626 0.017629 0.999581 0.022964 88.055763 0.160313 -0.025497 0.986737 2.929714 0.000000 0.000000 0.000000 1.000000
0.988485 -0.009207 -0.151041 3.914792 0.012897 0.999641 0.023470 88.695114 0.150771 -0.025148 0.988249 2.966419 0.000000 0.000000 0.000000 1.000000
0.990559 -0.006621 -0.136928 4.225454 0.009273 0.999781 0.018738 89.562195 0.136774 -0.019830 0.990404 2.849120 0.000000 0.000000 0.000000 1.000000
0.992742 -0.005273 -0.120148 4.486800 0.006608 0.999921 0.010709 90.531105 0.120082 -0.011425 0.992698 2.624489 0.000000 0.000000 0.000000 1.000000
0.994769 -0.004993 -0.102028 4.675581 0.005078 0.999987 0.000578 91.458633 0.102024 -0.001093 0.994781 2.283658 0.000000 0.000000 0.000000 1.000000
0.996697 -0.006499 -0.080945 4.768976 0.005674 0.999930 -0.010419 92.161469 0.081007 0.009925 0.996664 1.890566 0.000000 0.000000 0.000000 1.000000
0.998239 -0.008579 -0.058699 4.784813 0.007444 0.999781 -0.019536 92.491989 0.058854 0.019065 0.998085 1.530116 0.000000 0.000000 0.000000 1.000000
0.999186 -0.011387 -0.038694 4.710165 0.010417 0.999629 -0.025172 92.434784 0.038966 0.024748 0.998934 1.136218 0.000000 0.000000 0.000000 1.000000
0.999696 -0.014961 -0.019588 4.546301 0.014443 0.999548 -0.026353 92.035744 0.019973 0.026062 0.999461 0.718430 0.000000 0.000000 0.000000 1.000000
0.999824 -0.018697 0.001711 4.294977 0.018732 0.999556 -0.023187 91.308868 -0.001276 0.023215 0.999730 0.343523 0.000000 0.000000 0.000000 1.000000
0.999416 -0.023978 0.024330 3.955062 0.024442 0.999521 -0.018974 90.163315 -0.023863 0.019557 0.999524 0.144745 0.000000 0.000000 0.000000 1.000000
0.998501 -0.032305 0.044183 3.562112 0.033070 0.999313 -0.016701 88.764771 -0.043613 0.018137 0.998884 0.224837 0.000000 0.000000 0.000000 1.000000
0.997522 -0.035864 0.060529 3.133817 0.036968 0.999168 -0.017206 87.482582 -0.059861 0.019401 0.998018 0.567261 0.000000 0.000000 0.000000 1.000000
0.996602 -0.031355 0.076168 2.596271 0.032821 0.999298 -0.018071 86.604538 -0.075548 0.020510 0.996931 1.072654 0.000000 0.000000 0.000000 1.000000
0.995699 -0.023189 0.089703 2.016393 0.024672 0.999576 -0.015451 86.170219 -0.089307 0.017598 0.995849 1.338933 0.000000 0.000000 0.000000 1.000000
0.994837 -0.016406 0.100148 1.492138 0.017288 0.999819 -0.007946 86.014809 -0.100000 0.009637 0.994941 1.390225 0.000000 0.000000 0.000000 1.000000
0.994864 -0.012798 0.100407 1.055557 0.011990 0.999891 0.008650 86.413956 -0.100507 -0.007401 0.994909 1.262131 0.000000 0.000000 0.000000 1.000000
0.996429 -0.011511 0.083643 0.670759 0.009754 0.999724 0.021383 87.432449 -0.083866 -0.020491 0.996266 1.086752 0.000000 0.000000 0.000000 1.000000
0.998132 -0.013738 0.059534 0.375162 0.012309 0.999629 0.024307 88.778076 -0.059846 -0.023528 0.997930 0.770852 0.000000 0.000000 0.000000 1.000000
0.999106 -0.019906 0.037295 0.207339 0.019077 0.999566 0.022443 90.078239 -0.037725 -0.021711 0.999052 0.416937 0.000000 0.000000 0.000000 1.000000
0.999608 -0.024404 0.013687 0.069963 0.024116 0.999492 0.020814 91.216423 -0.014188 -0.020476 0.999690 0.128466 0.000000 0.000000 0.000000 1.000000</float_array><technique_common><accessor source="#Hips-Matrix-animation-output-transform-array" count="33" stride="16"><param type="float4x4"/></accessor></technique_common></source><source id="Hips-Interpolations"><Name_array id="Hips-Interpolations-array" count="33">
 LINEAR LINEAR LINEAR LINEAR LINEAR LINEAR LINEAR LINEAR LINEAR LINEAR LINEAR
LINEAR LINEAR LINEAR LINEAR LINEAR LINEAR LINEAR LINEAR LINEAR LINEAR LINEAR LINEAR
LINEAR LINEAR LINEAR LINEAR LINEAR LINEAR LINEAR LINEAR LINEAR LINEAR</Name_array><technique_common><accessor source="#Hips-Interpolations-array" count="33"><param type="name"/></accessor></technique_common></source><sampler id="Hips-Matrix-animation-transform"><input semantic="INPUT" source="#Hips-Matrix-animation-input"/><input semantic="OUTPUT" source="#Hips-Matrix-animation-output-transform"/><input semantic="INTERPOLATION" source="#Hips-Interpolations"/></sampler><channel source="#Hips-Matrix-animation-transform" target="Hips/matrix"/></animation>
    <animation id="Spine-anim" name="Spine"><source id="Spine-Matrix-animation-input"><float_array id="Spine-Matrix-animation-input-array" count="33">

0.000000 0.033333 0.066667 0.100000 0.133333 0.166667 0.200000 0.233333 0.266667 0.300000 0.333333 0.366667 0.400000 0.433333 0.466667 0.500000
0.533333 0.566667 0.600000 0.633333 0.666667 0.700000 0.733333 0.766667 0.800000 0.833333 0.866667 0.900000 0.933333 0.966667 1.000000 1.033333
1.066667</float_array><technique_common><accessor source="#Spine-Matrix-animation-input-array" count="33"><param name="TIME" type="float"/></accessor></technique_common></source><source id="Spine-Matrix-animation-output-transform"><float_array id="Spine-Matrix-animation-output-transform-array" count="528">

0.987693 -0.038959 -0.151473 0.017300 -0.016154 0.937889 -0.346560 10.574800 0.155566 0.344742 0.925717 -1.117200 0.000000 0.000000 0.000000 1.000000
0.989084 -0.033146 -0.143574 0.017300 -0.017567 0.940895 -0.338243 10.574800 0.146299 0.337073 0.930042 -1.117200 0.000000 0.000000 0.000000 1.000000
0.990355 -0.028432 -0.135608 0.017300 -0.017690 0.944764 -0.327273 10.574800 0.137422 0.326515 0.935149 -1.117200 0.000000 0.000000 0.000000 1.000000
0.991503 -0.025328 -0.127593 0.017300 -0.016330 0.948869 -0.315248 10.574800 0.129053 0.314653 0.940393 -1.117200 0.000000 0.000000 0.000000 1.000000
0.992605 -0.025065 -0.118771 0.017300 -0.012435 0.952304 -0.304897 10.574800 0.120748 0.304119 0.944950 -1.117200 0.000000 0.000000 0.000000 1.000000
0.993632 -0.026893 -0.109419 0.017300 -0.006921 0.954698 -0.297495 10.574800 0.112463 0.296358 0.948433 -1.117200 0.000000 0.000000 0.000000 1.000000
0.994342 -0.029907 -0.101926 0.017300 -0.001344 0.955928 -0.293598 10.574800 0.106214 0.292074 0.950480 -1.117200 0.000000 0.000000 0.000000 1.000000
0.994504 -0.032639 -0.099485 0.017300 0.002145 0.956322 -0.292308 10.574800 0.104680 0.290488 0.951136 -1.117200 0.000000 0.000000 0.000000 1.000000
0.994311 -0.033624 -0.101067 0.017300 0.002570 0.956162 -0.292827 10.574800 0.106483 0.290901 0.950809 -1.117200 0.000000 0.000000 0.000000 1.000000
0.994099 -0.030899 -0.103982 0.017300 -0.001248 0.955251 -0.295795 10.574800 0.108468 0.294179 0.949575 -1.117200 0.000000 0.000000 0.000000 1.000000
0.993724 -0.026515 -0.108673 0.017300 -0.007552 0.953381 -0.301673 10.574800 0.111606 0.300601 0.947198 -1.117200 0.000000 0.000000 0.000000 1.000000
0.992972 -0.023173 -0.116058 0.017300 -0.014007 0.950738 -0.309678 10.574800 0.117517 0.309127 0.943732 -1.117200 0.000000 0.000000 0.000000 1.000000
0.991877 -0.021423 -0.125382 0.017300 -0.019782 0.947740 -0.318430 10.574800 0.125651 0.318323 0.939618 -1.117200 0.000000 0.000000 0.000000 1.000000
0.990202 -0.025171 -0.137355 0.017300 -0.021070 0.945427 -0.325153 10.574800 0.138044 0.324861 0.935633 -1.117200 0.000000 0.000000 0.000000 1.000000
0.987904 -0.033876 -0.151324 0.017300 -0.018149 0.943882 -0.329783 10.574800 0.154004 0.328540 0.931850 -1.117200 0.000000 0.000000 0.000000 1.000000
0.985071 -0.045523 -0.166018 0.017300 -0.012488 0.942963 -0.332664 10.574800 0.171692 0.329771 0.928317 -1.117200 0.000000 0.000000 0.000000 1.000000
0.981964 -0.058657 -0.179740 0.017300 -0.004567 0.943022 -0.332699 10.574800 0.189014 0.327519 0.925745 -1.117200 0.000000 0.000000 0.000000 1.000000
0.978766 -0.072185 -0.191849 0.017300 0.005013 0.944091 -0.329646 10.574800 0.204919 0.321685 0.924406 -1.117200 0.000000 0.000000 0.000000 1.000000
0.975698 -0.083004 -0.202789 0.017300 0.012474 0.945015 -0.326789 10.574800 0.218763 0.316318 0.923085 -1.117200 0.000000 0.000000 0.000000 1.000000
0.973015 -0.089487 -0.212682 0.017300 0.015843 0.945467 -0.325331 10.574800 0.230197 0.313183 0.921372 -1.117200 0.000000 0.000000 0.000000 1.000000
0.970764 -0.091638 -0.221855 0.017300 0.014925 0.945514 -0.325240 10.574800 0.239571 0.312420 0.919238 -1.117200 0.000000 0.000000 0.000000 1.000000
0.968846 -0.090124 -0.230684 0.017300 0.010360 0.945372 -0.325830 10.574800 0.247447 0.313289 0.916853 -1.117200 0.000000 0.000000 0.000000 1.000000
0.966954 -0.087405 -0.239501 0.017300 0.005184 0.945944 -0.324289 10.574800 0.254899 0.312331 0.915137 -1.117200 0.000000 0.000000 0.000000 1.000000
0.964765 -0.085863 -0.248709 0.017300 0.002092 0.947727 -0.319076 10.574800 0.263105 0.307314 0.914513 -1.117200 0.000000 0.000000 0.000000 1.000000
0.962921 -0.089783 -0.254407 0.017300 0.005804 0.949675 -0.313184 10.574800 0.269722 0.300095 0.914983 -1.117200 0.000000 0.000000 0.000000 1.000000
0.961906 -0.097311 -0.255476 0.017300 0.013324 0.950080 -0.311722 10.574800 0.273057 0.296443 0.915184 -1.117200 0.000000 0.000000 0.000000 1.000000
0.962390 -0.103479 -0.251191 0.017300 0.018733 0.947693 -0.318633 10.574800 0.271024 0.301944 0.913989 -1.117200 0.000000 0.000000 0.000000 1.000000
0.964314 -0.104777 -0.243148 0.017300 0.019194 0.943611 -0.330499 10.574800 0.264066 0.314038 0.911948 -1.117200 0.000000 0.000000 0.000000 1.000000
0.968634 -0.098158 -0.228283 0.017300 0.013606 0.938247 -0.345700 10.574800 0.248119 0.331750 0.910153 -1.117200 0.000000 0.000000 0.000000 1.000000
0.974015 -0.085863 -0.209575 0.017300 0.005849 0.934578 -0.355710 10.574800 0.226407 0.345242 0.910795 -1.117200 0.000000 0.000000 0.000000 1.000000
0.978930 -0.072137 -0.191028 0.017300 -0.001308 0.933285 -0.359135 10.574800 0.204190 0.351818 0.913526 -1.117200 0.000000 0.000000 0.000000 1.000000
0.982922 -0.058552 -0.174458 0.017300 -0.007501 0.934495 -0.355897 10.574800 0.183869 0.351128 0.918097 -1.117200 0.000000 0.000000 0.000000 1.000000
0.986255 -0.045219 -0.158924 0.017300 -0.013387 0.936794 -0.349625 10.574800 0.164689 0.346947 0.923312 -1.117200 0.000000 0.000000 0.000000 1.000000</float_array><technique_common><accessor source="#Spine-Matrix-animation-output-transform-array" count="33" stride="16"><param type="float4x4"/></accessor></technique_common></source><source id="Spine-Interpolations"><Name_array id="Spine-Interpolations-array" count="33">
 LINEAR LINEAR LINEAR LINEAR LINEAR LINEAR LINEAR LINEAR LINEAR LINEAR LINEAR
LINEAR LINEAR LINEAR LINEAR LINEAR LINEAR LINEAR LINEAR LINEAR LINEAR LINEAR LINEAR
LINEAR LINEAR LINEAR LINEAR LINEAR LINEAR LINEAR LINEAR LINEAR LINEAR</Name_array><technique_common><accessor source="#Spine-Interpolations-array" count="33"><param type="name"/></accessor></technique_common></source><sampler id="Spine-Matrix-animation-transform"><input semantic="INPUT" source="#Spine-Matrix-animation-input"/><input semantic="OUTPUT" source="#Spine-Matrix-animation-output-transform"/><input semantic="INTERPOLATION" source="#Spine-Interpolations"/></sampler><channel source="#Spine-Matrix-animation-transform" target="Spine/matrix"/></animation>
    <animation id="Spine1-anim" name="Spine1"><source id="Spine1-Matrix-animation-input"><float_array id="Spine1-Matrix-animation-input-array" count="33">

0.000000 0.033333 0.066667 0.100000 0.133333 0.166667 0.200000 0.233333 0.266667 0.300000 0.333333 0.366667 0.400000 0.433333 0.466667 0.500000
0.533333 0.566667 0.600000 0.633333 0.666667 0.700000 0.733333 0.766667 0.800000 0.833333 0.866667 0.900000 0.933333 0.966667 1.000000 1.033333
1.066667</float_array><technique_common><accessor source="#Spine1-Matrix-animation-input-array" count="33"><param name="TIME" type="float"/></accessor></technique_common></source><source id="Spine1-Matrix-animation-output-transform"><float_array id="Spine1-Matrix-animation-output-transform-array" count="528">

0.999068 0.009265 -0.042170 0.019000 -0.010353 0.999617 -0.025674 12.337300 0.041916 0.026086 0.998781 -1.303400 0.000000 0.000000 0.000000 1.000000
0.999161 0.010208 -0.039670 0.019000 -0.011232 0.999607 -0.025681 12.337300 0.039393 0.026105 0.998883 -1.303400 0.000000 0.000000 0.000000 1.000000
0.999245 0.011430 -0.037143 0.019000 -0.012389 0.999593 -0.025682 12.337300 0.036834 0.026123 0.998980 -1.303400 0.000000 0.000000 0.000000 1.000000
0.999315 0.012907 -0.034673 0.019000 -0.013801 0.999575 -0.025680 12.337300 0.034327 0.026141 0.999069 -1.303400 0.000000 0.000000 0.000000 1.000000
0.999382 0.014147 -0.032193 0.019000 -0.014977 0.999558 -0.025691 12.337300 0.031815 0.026157 0.999151 -1.303400 0.000000 0.000000 0.000000 1.000000
0.999448 0.014758 -0.029749 0.019000 -0.015527 0.999547 -0.025798 12.337300 0.029355 0.026245 0.999224 -1.303400 0.000000 0.000000 0.000000 1.000000
0.999505 0.014485 -0.027942 0.019000 -0.015213 0.999545 -0.026048 12.337300 0.027552 0.026460 0.999270 -1.303400 0.000000 0.000000 0.000000 1.000000
0.999532 0.013308 -0.027562 0.019000 -0.014024 0.999564 -0.025971 12.337300 0.027204 0.026345 0.999283 -1.303400 0.000000 0.000000 0.000000 1.000000
0.999535 0.011511 -0.028240 0.019000 -0.012237 0.999596 -0.025651 12.337300 0.027933 0.025985 0.999272 -1.303400 0.000000 0.000000 0.000000 1.000000
0.999531 0.009430 -0.029120 0.019000 -0.010175 0.999622 -0.025545 12.337300 0.028868 0.025829 0.999249 -1.303400 0.000000 0.000000 0.000000 1.000000
0.999509 0.007679 -0.030367 0.019000 -0.008471 0.999625 -0.026038 12.337300 0.030155 0.026282 0.999200 -1.303400 0.000000 0.000000 0.000000 1.000000
0.999455 0.006512 -0.032354 0.019000 -0.007388 0.999607 -0.027059 12.337300 0.032165 0.027283 0.999110 -1.303400 0.000000 0.000000 0.000000 1.000000
0.999374 0.005701 -0.034925 0.019000 -0.006691 0.999577 -0.028289 12.337300 0.034749 0.028505 0.998989 -1.303400 0.000000 0.000000 0.000000 1.000000
0.999247 0.005110 -0.038474 0.019000 -0.006232 0.999557 -0.029090 12.337300 0.038308 0.029308 0.998836 -1.303400 0.000000 0.000000 0.000000 1.000000
0.999073 0.004605 -0.042805 0.019000 -0.005867 0.999551 -0.029391 12.337300 0.042651 0.029615 0.998651 -1.303400 0.000000 0.000000 0.000000 1.000000
0.998864 0.004095 -0.047482 0.019000 -0.005493 0.999554 -0.029352 12.337300 0.047341 0.029580 0.998441 -1.303400 0.000000 0.000000 0.000000 1.000000
0.998641 0.003632 -0.051985 0.019000 -0.005147 0.999565 -0.029026 12.337300 0.051857 0.029254 0.998226 -1.303400 0.000000 0.000000 0.000000 1.000000
0.998421 0.003246 -0.056085 0.019000 -0.004847 0.999584 -0.028432 12.337300 0.055970 0.028659 0.998021 -1.303400 0.000000 0.000000 0.000000 1.000000
0.998210 0.002976 -0.059732 0.019000 -0.004643 0.999603 -0.027792 12.337300 0.059626 0.028019 0.997827 -1.303400 0.000000 0.000000 0.000000 1.000000
0.998018 0.003010 -0.062853 0.019000 -0.004725 0.999620 -0.027147 12.337300 0.062747 0.027390 0.997654 -1.303400 0.000000 0.000000 0.000000 1.000000
0.997845 0.003448 -0.065526 0.019000 -0.005196 0.999635 -0.026514 12.337300 0.065411 0.026798 0.997499 -1.303400 0.000000 0.000000 0.000000 1.000000
0.997684 0.004284 -0.067881 0.019000 -0.006053 0.999647 -0.025876 12.337300 0.067746 0.026227 0.997358 -1.303400 0.000000 0.000000 0.000000 1.000000
0.997525 0.005248 -0.070123 0.019000 -0.007013 0.999664 -0.024941 12.337300 0.069969 0.025371 0.997227 -1.303400 0.000000 0.000000 0.000000 1.000000
0.997370 0.005698 -0.072258 0.019000 -0.007403 0.999700 -0.023350 12.337300 0.072104 0.023824 0.997113 -1.303400 0.000000 0.000000 0.000000 1.000000
0.997237 0.005272 -0.074102 0.019000 -0.006854 0.999754 -0.021114 12.337300 0.073972 0.021564 0.997027 -1.303400 0.000000 0.000000 0.000000 1.000000
0.997165 0.003979 -0.075147 0.019000 -0.005418 0.999806 -0.018954 12.337300 0.075057 0.019307 0.996992 -1.303400 0.000000 0.000000 0.000000 1.000000
0.997202 0.002732 -0.074710 0.019000 -0.004100 0.999827 -0.018167 12.337300 0.074648 0.018423 0.997040 -1.303400 0.000000 0.000000 0.000000 1.000000
0.997352 0.002011 -0.072700 0.019000 -0.003383 0.999818 -0.018756 12.337300 0.072649 0.018952 0.997177 -1.303400 0.000000 0.000000 0.000000 1.000000
0.997674 0.002401 -0.068131 0.019000 -0.003842 0.999771 -0.021029 12.337300 0.068065 0.021241 0.997455 -1.303400 0.000000 0.000000 0.000000 1.000000
0.998070 0.003565 -0.061994 0.019000 -0.005015 0.999717 -0.023257 12.337300 0.061894 0.023523 0.997806 -1.303400 0.000000 0.000000 0.000000 1.000000
0.998431 0.004961 -0.055784 0.019000 -0.006347 0.999675 -0.024691 12.337300 0.055643 0.025006 0.998138 -1.303400 0.000000 0.000000 0.000000 1.000000
0.998722 0.006506 -0.050122 0.019000 -0.007782 0.999649 -0.025321 12.337300 0.049939 0.025679 0.998422 -1.303400 0.000000 0.000000 0.000000 1.000000
0.998964 0.008312 -0.044743 0.019000 -0.009468 0.999625 -0.025684 12.337300 0.044512 0.026081 0.998668 -1.303400 0.000000 0.000000 0.000000 1.000000</float_array><technique_common><accessor source="#Spine1-Matrix-animation-output-transform-array" count="33" stride="16"><param type="float4x4"/></accessor></technique_common></source><source id="Spine1-Interpolations"><Name_array id="Spine1-Interpolations-array" count="33">
 LINEAR LINEAR LINEAR LINEAR LINEAR LINEAR LINEAR LINEAR LINEAR LINEAR LINEAR
LINEAR LINEAR LINEAR LINEAR LINEAR LINEAR LINEAR LINEAR LINEAR LINEAR LINEAR LINEAR
LINEAR LINEAR LINEAR LINEAR LINEAR LINEAR LINEAR LINEAR LINEAR LINEAR</Name_array><technique_common><accessor source="#Spine1-Interpolations-array" count="33"><param type="name"/></accessor></technique_common></source><sampler id="Spine1-Matrix-animation-transform"><input semantic="INPUT" source="#Spine1-Matrix-animation-input"/><input semantic="OUTPUT" source="#Spine1-Matrix-animation-output-transform"/><input semantic="INTERPOLATION" source="#Spine1-Interpolations"/></sampler><channel source="#Spine1-Matrix-animation-transform" target="Spine1/matrix"/></animation>
    <animation id="Spine2-anim" name="Spine2"><source id="Spine2-Matrix-animation-input"><float_array id="Spine2-Matrix-animation-input-array" count="33">

0.000000 0.033333 0.066667 0.100000 0.133333 0.166667 0.200000 0.233333 0.266667 0.300000 0.333333 0.366667 0.400000 0.433333 0.466667 0.500000
0.533333 0.566667 0.600000 0.633333 0.666667 0.700000 0.733333 0.766667 0.800000 0.833333 0.866667 0.900000 0.933333 0.966667 1.000000 1.033333
1.066667</float_array><technique_common><accessor source="#Spine2-Matrix-animation-input-array" count="33"><param name="TIME" type="float"/></accessor></technique_common></source><source id="Spine2-Matrix-animation-output-transform"><float_array id="Spine2-Matrix-animation-output-transform-array" count="528">

0.999100 0.008092 -0.041629 0.021700 -0.009178 0.999621 -0.025946 14.099800 0.041404 0.026305 0.998796 -1.489600 0.000000 0.000000 0.000000 1.000000
0.999194 0.009124 -0.039094 0.021700 -0.010143 0.999612 -0.025947 14.099800 0.038842 0.026323 0.998899 -1.489600 0.000000 0.000000 0.000000 1.000000
0.999278 0.010449 -0.036526 0.021700 -0.011401 0.999598 -0.025944 14.099800 0.036240 0.026341 0.998996 -1.489600 0.000000 0.000000 0.000000 1.000000
0.999349 0.012035 -0.034013 0.021700 -0.012920 0.999580 -0.025937 14.099800 0.033687 0.026359 0.999085 -1.489600 0.000000 0.000000 0.000000 1.000000
0.999414 0.013379 -0.031496 0.021700 -0.014198 0.999563 -0.025944 14.099800 0.031135 0.026376 0.999167 -1.489600 0.000000 0.000000 0.000000 1.000000
0.999479 0.014077 -0.029032 0.021700 -0.014834 0.999551 -0.026039 14.099800 0.028652 0.026457 0.999239 -1.489600 0.000000 0.000000 0.000000 1.000000
0.999533 0.013855 -0.027230 0.021700 -0.014571 0.999549 -0.026261 14.099800 0.026853 0.026645 0.999284 -1.489600 0.000000 0.000000 0.000000 1.000000
0.999558 0.012679 -0.026889 0.021700 -0.013383 0.999568 -0.026160 14.099800 0.026545 0.026509 0.999296 -1.489600 0.000000 0.000000 0.000000 1.000000
0.999559 0.010846 -0.027638 0.021700 -0.011560 0.999600 -0.025820 14.099800 0.027347 0.026128 0.999284 -1.489600 0.000000 0.000000 0.000000 1.000000
0.999553 0.008708 -0.028618 0.021700 -0.009444 0.999625 -0.025690 14.099800 0.028383 0.025948 0.999260 -1.489600 0.000000 0.000000 0.000000 1.000000
0.999527 0.006877 -0.029961 0.021700 -0.007662 0.999628 -0.026165 14.099800 0.029770 0.026382 0.999209 -1.489600 0.000000 0.000000 0.000000 1.000000
0.999471 0.005604 -0.032023 0.021700 -0.006475 0.999610 -0.027183 14.099800 0.031858 0.027376 0.999117 -1.489600 0.000000 0.000000 0.000000 1.000000
0.999389 0.004669 -0.034649 0.021700 -0.005655 0.999580 -0.028415 14.099800 0.034502 0.028594 0.998996 -1.489600 0.000000 0.000000 0.000000 1.000000
0.999262 0.003954 -0.038219 0.021700 -0.005072 0.999561 -0.029202 14.099800 0.038087 0.029374 0.998843 -1.489600 0.000000 0.000000 0.000000 1.000000
0.999089 0.003314 -0.042543 0.021700 -0.004571 0.999555 -0.029473 14.099800 0.042427 0.029640 0.998660 -1.489600 0.000000 0.000000 0.000000 1.000000
0.998882 0.002674 -0.047195 0.021700 -0.004065 0.999560 -0.029398 14.099800 0.047096 0.029557 0.998453 -1.489600 0.000000 0.000000 0.000000 1.000000
0.998662 0.002101 -0.051667 0.021700 -0.003605 0.999572 -0.029038 14.099800 0.051584 0.029186 0.998242 -1.489600 0.000000 0.000000 0.000000 1.000000
0.998444 0.001623 -0.055734 0.021700 -0.003211 0.999591 -0.028419 14.099800 0.055665 0.028553 0.998041 -1.489600 0.000000 0.000000 0.000000 1.000000
0.998236 0.001253 -0.059350 0.021700 -0.002906 0.999610 -0.027769 14.099800 0.059293 0.027892 0.997851 -1.489600 0.000000 0.000000 0.000000 1.000000
0.998048 0.001211 -0.062447 0.021700 -0.002911 0.999628 -0.027135 14.099800 0.062391 0.027263 0.997679 -1.489600 0.000000 0.000000 0.000000 1.000000
0.997877 0.001616 -0.065101 0.021700 -0.003350 0.999642 -0.026534 14.099800 0.065035 0.026696 0.997526 -1.489600 0.000000 0.000000 0.000000 1.000000
0.997721 0.002436 -0.067437 0.021700 -0.004194 0.999654 -0.025948 14.099800 0.067351 0.026172 0.997386 -1.489600 0.000000 0.000000 0.000000 1.000000
0.997565 0.003406 -0.069664 0.021700 -0.005164 0.999672 -0.025066 14.099800 0.069556 0.025365 0.997256 -1.489600 0.000000 0.000000 0.000000 1.000000
0.997411 0.003896 -0.071806 0.021700 -0.005596 0.999708 -0.023488 14.099800 0.071693 0.023829 0.997142 -1.489600 0.000000 0.000000 0.000000 1.000000
0.997275 0.003537 -0.073693 0.021700 -0.005112 0.999762 -0.021202 14.099800 0.073600 0.021521 0.997056 -1.489600 0.000000 0.000000 0.000000 1.000000
0.997194 0.002305 -0.074819 0.021700 -0.003731 0.999814 -0.018932 14.099800 0.074761 0.019158 0.997017 -1.489600 0.000000 0.000000 0.000000 1.000000
0.997225 0.001071 -0.074437 0.021700 -0.002421 0.999834 -0.018044 14.099800 0.074405 0.018174 0.997062 -1.489600 0.000000 0.000000 0.000000 1.000000
0.997368 0.000324 -0.072500 0.021700 -0.001675 0.999826 -0.018573 14.099800 0.072482 0.018646 0.997195 -1.489600 0.000000 0.000000 0.000000 1.000000
0.997691 0.000683 -0.067908 0.021700 -0.002105 0.999780 -0.020874 14.099800 0.067879 0.020969 0.997473 -1.489600 0.000000 0.000000 0.000000 1.000000
0.998092 0.001887 -0.061711 0.021700 -0.003324 0.999726 -0.023191 14.099800 0.061650 0.023351 0.997825 -1.489600 0.000000 0.000000 0.000000 1.000000
0.998457 0.003387 -0.055431 0.021700 -0.004763 0.999683 -0.024722 14.099800 0.055329 0.024948 0.998156 -1.489600 0.000000 0.000000 0.000000 1.000000
0.998751 0.005081 -0.049696 0.021700 -0.006350 0.999657 -0.025427 14.099800 0.049550 0.025711 0.998441 -1.489600 0.000000 0.000000 0.000000 1.000000
0.998996 0.007056 -0.044240 0.021700 -0.008204 0.999633 -0.025826 14.099800 0.044041 0.026163 0.998687 -1.489600 0.000000 0.000000 0.000000 1.000000</float_array><technique_common><accessor source="#Spine2-Matrix-animation-output-transform-array" count="33" stride="16"><param type="float4x4"/></accessor></technique_common></source><source id="Spine2-Interpolations"><Name_array id="Spine2-Interpolations-array" count="33">
 LINEAR LINEAR LINEAR LINEAR LINEAR LINEAR LINEAR LINEAR LINEAR LINEAR LINEAR
LINEAR LINEAR LINEAR LINEAR LINEAR LINEAR LINEAR LINEAR LINEAR LINEAR LINEAR LINEAR
LINEAR LINEAR LINEAR LINEAR LINEAR LINEAR LINEAR LINEAR LINEAR LINEAR</Name_array><technique_common><accessor source="#Spine2-Interpolations-array" count="33"><param type="name"/></accessor></technique_common></source><sampler id="Spine2-Matrix-animation-transform"><input semantic="INPUT" source="#Spine2-Matrix-animation-input"/><input semantic="OUTPUT" source="#Spine2-Matrix-animation-output-transform"/><input semantic="INTERPOLATION" source="#Spine2-Interpolations"/></sampler><channel source="#Spine2-Matrix-animation-transform" target="Spine2/matrix"/></animation>
    <animation id="Neck-anim" name="Neck"><source id="Neck-Matrix-animation-input"><float_array id="Neck-Matrix-animation-input-array" count="33">

0.000000 0.033333 0.066667 0.100000 0.133333 0.166667 0.200000 0.233333 0.266667 0.300000 0.333333 0.366667 0.400000 0.433333 0.466667 0.500000
0.533333 0.566667 0.600000 0.633333 0.666667 0.700000 0.733333 0.766667 0.800000 0.833333 0.866667 0.900000 0.933333 0.966667 1.000000 1.033333
1.066667</float_array><technique_common><accessor source="#Neck-Matrix-animation-input-array" count="33"><param name="TIME" type="float"/></accessor></technique_common></source><source id="Neck-Matrix-animation-output-transform"><float_array id="Neck-Matrix-animation-output-transform-array" count="528">

0.997691 0.065360 0.018444 0.024400 -0.061866 0.986723 -0.150170 15.862300 -0.028014 0.148683 0.988488 -1.675800 0.000000 0.000000 0.000000 1.000000
0.997634 0.066313 0.018116 0.024400 -0.062776 0.986227 -0.153021 15.862300 -0.028014 0.151521 0.988057 -1.675800 0.000000 0.000000 0.000000 1.000000
0.997526 0.067940 0.018065 0.024400 -0.064284 0.985538 -0.156785 15.862300 -0.028456 0.155236 0.987468 -1.675800 0.000000 0.000000 0.000000 1.000000
0.997376 0.069909 0.018832 0.024400 -0.065995 0.984809 -0.160609 15.862300 -0.029774 0.158945 0.986838 -1.675800 0.000000 0.000000 0.000000 1.000000
0.997172 0.072230 0.020777 0.024400 -0.067913 0.984350 -0.162614 15.862300 -0.032198 0.160743 0.986471 -1.675800 0.000000 0.000000 0.000000 1.000000
0.996937 0.074652 0.023310 0.024400 -0.069906 0.984255 -0.162343 15.862300 -0.035062 0.160217 0.986459 -1.675800 0.000000 0.000000 0.000000 1.000000
0.996736 0.076504 0.025786 0.024400 -0.071419 0.984493 -0.160226 15.862300 -0.037644 0.157862 0.986743 -1.675800 0.000000 0.000000 0.000000 1.000000
0.996646 0.077020 0.027640 0.024400 -0.071700 0.984730 -0.158640 15.862300 -0.039436 0.156126 0.986950 -1.675800 0.000000 0.000000 0.000000 1.000000
0.996668 0.076287 0.028856 0.024400 -0.070783 0.984787 -0.158698 15.862300 -0.040524 0.156126 0.986905 -1.675800 0.000000 0.000000 0.000000 1.000000
0.996770 0.074643 0.029626 0.024400 -0.068989 0.984723 -0.159878 15.862300 -0.041107 0.157318 0.986692 -1.675800 0.000000 0.000000 0.000000 1.000000
0.996805 0.073728 0.030716 0.024400 -0.067906 0.984772 -0.160043 15.862300 -0.042048 0.157446 0.986632 -1.675800 0.000000 0.000000 0.000000 1.000000
0.996686 0.074561 0.032529 0.024400 -0.068519 0.985005 -0.158336 15.862300 -0.043847 0.155582 0.986849 -1.675800 0.000000 0.000000 0.000000 1.000000
0.996467 0.076445 0.034781 0.024400 -0.070162 0.985335 -0.155539 15.862300 -0.046161 0.152549 0.987217 -1.675800 0.000000 0.000000 0.000000 1.000000
0.996230 0.078394 0.037151 0.024400 -0.071885 0.985709 -0.152352 15.862300 -0.048564 0.149107 0.987628 -1.675800 0.000000 0.000000 0.000000 1.000000
0.996008 0.080046 0.039515 0.024400 -0.073331 0.986091 -0.149155 15.862300 -0.050905 0.145662 0.988024 -1.675800 0.000000 0.000000 0.000000 1.000000
0.995801 0.081470 0.041748 0.024400 -0.074594 0.986492 -0.145838 15.862300 -0.053065 0.142111 0.988427 -1.675800 0.000000 0.000000 0.000000 1.000000
0.995623 0.082697 0.043533 0.024400 -0.075767 0.986960 -0.142020 15.862300 -0.054710 0.138100 0.988906 -1.675800 0.000000 0.000000 0.000000 1.000000
0.995491 0.083733 0.044573 0.024400 -0.076908 0.987517 -0.137458 15.862300 -0.055526 0.133410 0.989504 -1.675800 0.000000 0.000000 0.000000 1.000000
0.995422 0.084328 0.044990 0.024400 -0.077710 0.988105 -0.132701 15.862300 -0.055645 0.128597 0.990135 -1.675800 0.000000 0.000000 0.000000 1.000000
0.995459 0.083976 0.044818 0.024400 -0.077642 0.988722 -0.128064 15.862300 -0.055067 0.124002 0.990753 -1.675800 0.000000 0.000000 0.000000 1.000000
0.995610 0.082559 0.044097 0.024400 -0.076567 0.989372 -0.123615 15.862300 -0.053834 0.119696 0.991350 -1.675800 0.000000 0.000000 0.000000 1.000000
0.995854 0.080240 0.042855 0.024400 -0.074631 0.990032 -0.119448 15.862300 -0.052013 0.115754 0.991915 -1.675800 0.000000 0.000000 0.000000 1.000000
0.996102 0.077943 0.041310 0.024400 -0.072683 0.990545 -0.116353 15.862300 -0.049988 0.112897 0.992348 -1.675800 0.000000 0.000000 0.000000 1.000000
0.996250 0.076701 0.040030 0.024400 -0.071674 0.990812 -0.114691 15.862300 -0.048459 0.111392 0.992594 -1.675800 0.000000 0.000000 0.000000 1.000000
0.996317 0.076337 0.039047 0.024400 -0.071447 0.990890 -0.114157 15.862300 -0.047406 0.110947 0.992695 -1.675800 0.000000 0.000000 0.000000 1.000000
0.996421 0.075626 0.037755 0.024400 -0.070898 0.990964 -0.113856 15.862300 -0.046025 0.110772 0.992780 -1.675800 0.000000 0.000000 0.000000 1.000000
0.996677 0.073438 0.035229 0.024400 -0.069022 0.991148 -0.113408 15.862300 -0.043246 0.110599 0.992924 -1.675800 0.000000 0.000000 0.000000 1.000000
0.997001 0.070619 0.031648 0.024400 -0.066591 0.991243 -0.114033 15.862300 -0.039423 0.111584 0.992973 -1.675800 0.000000 0.000000 0.000000 1.000000
0.997296 0.068319 0.027059 0.024400 -0.064669 0.990870 -0.118301 15.862300 -0.034894 0.116231 0.992609 -1.675800 0.000000 0.000000 0.000000 1.000000
0.997401 0.068180 0.023283 0.024400 -0.064709 0.989845 -0.126567 15.862300 -0.031676 0.124732 0.991685 -1.675800 0.000000 0.000000 0.000000 1.000000
0.997401 0.068950 0.020918 0.024400 -0.065511 0.988659 -0.135136 15.862300 -0.029998 0.133414 0.990606 -1.675800 0.000000 0.000000 0.000000 1.000000
0.997415 0.069047 0.019872 0.024400 -0.065552 0.987728 -0.141763 15.862300 -0.029416 0.140094 0.989701 -1.675800 0.000000 0.000000 0.000000 1.000000
0.997570 0.067031 0.019014 0.024400 -0.063518 0.987058 -0.147249 15.862300 -0.028638 0.145683 0.988917 -1.675800 0.000000 0.000000 0.000000 1.000000</float_array><technique_common><accessor source="#Neck-Matrix-animation-output-transform-array" count="33" stride="16"><param type="float4x4"/></accessor></technique_common></source><source id="Neck-Interpolations"><Name_array id="Neck-Interpolations-array" count="33">
 LINEAR LINEAR LINEAR LINEAR LINEAR LINEAR LINEAR LINEAR LINEAR LINEAR LINEAR
LINEAR LINEAR LINEAR LINEAR LINEAR LINEAR LINEAR LINEAR LINEAR LINEAR LINEAR LINEAR
LINEAR LINEAR LINEAR LINEAR LINEAR LINEAR LINEAR LINEAR LINEAR LINEAR</Name_array><technique_common><accessor source="#Neck-Interpolations-array" count="33"><param type="name"/></accessor></technique_common></source><sampler id="Neck-Matrix-animation-transform"><input semantic="INPUT" source="#Neck-Matrix-animation-input"/><input semantic="OUTPUT" source="#Neck-Matrix-animation-output-transform"/><input semantic="INTERPOLATION" source="#Neck-Interpolations"/></sampler><channel source="#Neck-Matrix-animation-transform" target="Neck/matrix"/></animation>
    <animation id="Head-anim" name="Head"><source id="Head-Matrix-animation-input"><float_array id="Head-Matrix-animation-input-array" count="33">

0.000000 0.033333 0.066667 0.100000 0.133333 0.166667 0.200000 0.233333 0.266667 0.300000 0.333333 0.366667 0.400000 0.433333 0.466667 0.500000
0.533333 0.566667 0.600000 0.633333 0.666667 0.700000 0.733333 0.766667 0.800000 0.833333 0.866667 0.900000 0.933333 0.966667 1.000000 1.033333
1.066667</float_array><technique_common><accessor source="#Head-Matrix-animation-input-array" count="33"><param name="TIME" type="float"/></accessor></technique_common></source><source id="Head-Matrix-animation-output-transform"><float_array id="Head-Matrix-animation-output-transform-array" count="528">

0.979181 -0.053729 0.195749 0.000000 -0.007193 0.954544 0.297982 5.564000 -0.202862 -0.293187 0.934285 0.988100 0.000000 0.000000 0.000000 1.000000
0.978756 -0.056097 0.197206 0.000000 -0.006481 0.952897 0.303225 5.564000 -0.204927 -0.298061 0.932290 0.988100 0.000000 0.000000 0.000000 1.000000
0.978169 -0.058777 0.199325 0.000000 -0.005632 0.951316 0.308165 5.564000 -0.207734 -0.302560 0.930217 0.988100 0.000000 0.000000 0.000000 1.000000
0.977124 -0.060688 0.203826 0.000000 -0.006083 0.950052 0.312032 5.564000 -0.212582 -0.306134 0.927950 0.988100 0.000000 0.000000 0.000000 1.000000
0.975399 -0.060556 0.211967 0.000000 -0.009140 0.949596 0.313343 5.564000 -0.220257 -0.307572 0.925681 0.988100 0.000000 0.000000 0.000000 1.000000
0.973333 -0.058996 0.221679 -0.000000 -0.013648 0.949758 0.312687 5.564000 -0.228988 -0.307374 0.923626 0.988100 0.000000 0.000000 0.000000 1.000000
0.971419 -0.057176 0.230383 0.000000 -0.017848 0.950216 0.311080 5.564000 -0.236699 -0.306301 0.922038 0.988100 0.000000 0.000000 0.000000 1.000000
0.970130 -0.056135 0.236001 0.000000 -0.020146 0.950855 0.308981 5.564000 -0.241747 -0.304506 0.921322 0.988100 0.000000 0.000000 0.000000 1.000000
0.969446 -0.055930 0.238843 -0.000000 -0.020573 0.951693 0.306362 5.564000 -0.244440 -0.301915 0.921464 0.988100 0.000000 0.000000 0.000000 1.000000
0.969177 -0.056635 0.239768 -0.000000 -0.019459 0.952581 0.303663 5.564000 -0.245597 -0.298969 0.922117 0.988100 0.000000 0.000000 0.000000 1.000000
0.968872 -0.058079 0.240653 -0.000000 -0.018039 0.952945 0.302607 5.564000 -0.246904 -0.297529 0.922234 0.988100 0.000000 0.000000 0.000000 1.000000
0.968281 -0.059539 0.242666 0.000000 -0.017452 0.952708 0.303386 5.564000 -0.249253 -0.297998 0.921450 0.988100 0.000000 0.000000 0.000000 1.000000
0.967498 -0.060803 0.245461 0.000000 -0.017538 0.952193 0.304993 5.564000 -0.252271 -0.299385 0.920178 0.988100 0.000000 0.000000 0.000000 1.000000
0.966633 -0.061528 0.248667 -0.000000 -0.018078 0.951921 0.305811 5.564000 -0.255527 -0.300102 0.919046 0.988100 0.000000 0.000000 0.000000 1.000000
0.965728 -0.061794 0.252094 0.000000 -0.018847 0.951989 0.305552 5.564000 -0.258872 -0.299832 0.918197 0.988100 0.000000 0.000000 0.000000 1.000000
0.964897 -0.061979 0.255211 0.000000 -0.019456 0.952216 0.304806 5.564000 -0.261907 -0.299072 0.917584 0.988100 0.000000 0.000000 0.000000 1.000000
0.964422 -0.062730 0.256816 0.000000 -0.019107 0.952360 0.304376 5.564000 -0.263675 -0.298455 0.917279 0.988100 0.000000 0.000000 0.000000 1.000000
0.964577 -0.064335 0.255837 -0.000000 -0.017346 0.952240 0.304858 5.564000 -0.263232 -0.298497 0.917392 0.988100 0.000000 0.000000 0.000000 1.000000
0.965231 -0.066749 0.252734 0.000000 -0.014338 0.951873 0.306158 5.564000 -0.261006 -0.299137 0.917820 0.988100 0.000000 0.000000 0.000000 1.000000
0.966283 -0.070189 0.247731 0.000000 -0.009812 0.951392 0.307826 5.564000 -0.257295 -0.299878 0.918625 0.988100 0.000000 0.000000 0.000000 1.000000
0.967639 -0.074440 0.241107 -0.000000 -0.003964 0.950896 0.309487 5.564000 -0.252306 -0.300427 0.919829 0.988100 0.000000 0.000000 0.000000 1.000000
0.969222 -0.078898 0.233204 -0.000000 0.002600 0.950483 0.310766 5.564000 -0.246175 -0.300595 0.921434 0.988100 0.000000 0.000000 0.000000 1.000000
0.970831 -0.081421 0.225517 -0.000000 0.007688 0.950662 0.310134 5.564000 -0.239642 -0.299353 0.923558 0.988100 0.000000 0.000000 0.000000 1.000000
0.972178 -0.081017 0.219785 0.000000 0.010074 0.951875 0.306320 5.564000 -0.234025 -0.295583 0.926209 0.988100 0.000000 0.000000 0.000000 1.000000
0.973283 -0.077754 0.216041 0.000000 0.009775 0.954095 0.299346 5.564000 -0.229399 -0.289237 0.929364 0.988100 0.000000 0.000000 0.000000 1.000000
0.974400 -0.072658 0.212758 -0.000000 0.007592 0.956432 0.291857 5.564000 -0.224694 -0.282770 0.932499 0.988100 0.000000 0.000000 0.000000 1.000000
0.975858 -0.067906 0.207582 -0.000000 0.005210 0.957405 0.288702 5.564000 -0.218345 -0.280651 0.934645 0.988100 0.000000 0.000000 0.000000 1.000000
0.977544 -0.063992 0.200782 0.000000 0.003197 0.957172 0.289501 5.564000 -0.210708 -0.282358 0.935882 0.988100 0.000000 0.000000 0.000000 1.000000
0.979312 -0.061309 0.192848 0.000000 0.001947 0.955810 0.293978 5.564000 -0.202349 -0.287521 0.936155 0.988100 0.000000 0.000000 0.000000 1.000000
0.980475 -0.058749 0.187661 0.000000 0.000446 0.954990 0.296638 5.564000 -0.196642 -0.290763 0.936370 0.988100 0.000000 0.000000 0.000000 1.000000
0.980871 -0.055984 0.186435 -0.000000 -0.002054 0.954720 0.297498 5.564000 -0.194648 -0.292190 0.936342 0.988100 0.000000 0.000000 0.000000 1.000000
0.980452 -0.053621 0.189312 -0.000000 -0.005312 0.954586 0.297888 5.564000 -0.196688 -0.293071 0.935641 0.988100 0.000000 0.000000 0.000000 1.000000
0.979609 -0.053158 0.193755 0.000000 -0.007198 0.954459 0.298254 5.564000 -0.200785 -0.293567 0.934614 0.988100 0.000000 0.000000 0.000000 1.000000</float_array><technique_common><accessor source="#Head-Matrix-animation-output-transform-array" count="33" stride="16"><param type="float4x4"/></accessor></technique_common></source><source id="Head-Interpolations"><Name_array id="Head-Interpolations-array" count="33">
 LINEAR LINEAR LINEAR LINEAR LINEAR LINEAR LINEAR LINEAR LINEAR LINEAR LINEAR
LINEAR LINEAR LINEAR LINEAR LINEAR LINEAR LINEAR LINEAR LINEAR LINEAR LINEAR LINEAR
