<?xml version="1.0" encoding="utf-8"?>
<COLLADA xmlns="http://www.collada.org/2005/11/COLLADASchema" version="1.4.1">
  <asset><contributor><author>Mixamo</author><authoring_tool>COLLADA Mixamo exporter</authoring_tool><comments></comments></contributor><created>2018-10-22T16:17:48Z</created><modified>2018-10-22T16:17:48Z</modified><revision></revision><title></title><unit meter="0.010000"/><up_axis>Y_UP</up_axis></asset>
  <library_animations>
    <animation id="Hips-anim" name="Hips"><source id="Hips-Matrix-animation-input"><float_array id="Hips-Matrix-animation-input-array" count="122">

0.000000 0.033333 0.066667 0.100000 0.133333 0.166667 0.200000 0.233333 0.266667 0.300000 0.333333 0.366667 0.400000 0.433333 0.466667 0.500000
0.533333 0.566667 0.600000 0.633333 0.666667 0.700000 0.733333 0.766667 0.800000 0.833333 0.866667 0.900000 0.933333 0.966667 1.000000 1.033333
1.066667 1.100000 1.133333 1.166667 1.200000 1.233333 1.266667 1.300000 1.333333 1.366667 1.400000 1.433333 1.466667 1.500000 1.533333 1.566667
1.600000 1.633333 1.666667 1.700000 1.733333 1.766667 1.800000 1.833333 1.866667 1.900000 1.933333 1.966667 2.000000 2.033333 2.066667 2.100000
2.133333 2.166667 2.200000 2.233333 2.266667 2.300000 2.333333 2.366667 2.400000 2.433333 2.466667 2.500000 2.533333 2.566667 2.600000 2.633333
2.666667 2.700000 2.733333 2.766667 2.800000 2.833333 2.866667 2.900000 2.933333 2.966667 3.000000 3.033333 3.066667 3.100000 3.133333 3.166667
3.200000 3.233333 3.266667 3.300000 3.333333 3.366667 3.400000 3.433333 3.466667 3.500000 3.533333 3.566667 3.600000 3.633333 3.666667 3.700000
3.733333 3.766667 3.800000 3.833333 3.866667 3.900000 3.933333 3.966667 4.000000 4.033333</float_array><technique_common><accessor source="#Hips-Matrix-animation-input-array" count="122"><param name="TIME" type="float"/></accessor></technique_common></source><source id="Hips-Matrix-animation-output-transform"><float_array id="Hips-Matrix-animation-output-transform-array" count="1952">

0.918747 0.024397 0.394092 -0.657031 0.006063 0.997100 -0.075862 100.277061 -0.394800 0.072088 0.915935 -2.925276 0.000000 0.000000 0.000000 1.000000
0.924758 0.029550 0.379407 -0.233902 -0.000931 0.997153 -0.075395 100.130630 -0.380554 0.069369 0.922153 -2.456028 0.000000 0.000000 0.000000 1.000000
0.934170 0.033920 0.355214 0.345231 -0.008214 0.997252 -0.073627 99.993889 -0.356735 0.065863 0.931881 -1.853761 0.000000 0.000000 0.000000 1.000000
0.947009 0.038299 0.318916 1.114950 -0.016360 0.997329 -0.071190 99.800598 -0.320790 0.062200 0.945106 -1.139922 0.000000 0.000000 0.000000 1.000000
0.962546 0.039830 0.268178 2.108270 -0.022675 0.997511 -0.066764 99.552620 -0.270170 0.058182 0.961053 -0.329522 0.000000 0.000000 0.000000 1.000000
0.979165 0.035106 0.200010 3.378193 -0.024156 0.998086 -0.056928 99.254120 -0.201626 0.050910 0.978139 0.574781 0.000000 0.000000 0.000000 1.000000
0.993477 0.024301 0.111409 4.949088 -0.019988 0.999013 -0.039672 98.889725 -0.112263 0.037187 0.992982 1.552662 0.000000 0.000000 0.000000 1.000000
0.999910 0.013318 0.001592 6.795493 -0.013288 0.999755 -0.017684 98.331863 -0.001827 0.017662 0.999842 2.596717 0.000000 0.000000 0.000000 1.000000
0.992266 0.007400 -0.123910 8.851425 -0.007189 0.999972 0.002152 97.428566 0.123923 -0.001245 0.992291 3.710058 0.000000 0.000000 0.000000 1.000000
0.967607 0.006398 -0.252381 11.015861 -0.003307 0.999914 0.012671 96.134369 0.252440 -0.011426 0.967545 4.890730 0.000000 0.000000 0.000000 1.000000
0.930140 0.008245 -0.367114 13.230587 -0.004400 0.999926 0.011309 94.561485 0.367180 -0.008904 0.930107 6.077702 0.000000 0.000000 0.000000 1.000000
0.891926 0.013147 -0.451989 15.454027 -0.013132 0.999909 0.003171 92.910301 0.451990 0.003107 0.892018 7.295201 0.000000 0.000000 0.000000 1.000000
0.865078 0.026343 -0.500945 17.591759 -0.031813 0.999491 -0.002379 91.310143 0.500627 0.017994 0.865476 8.341599 0.000000 0.000000 0.000000 1.000000
0.854224 0.042877 -0.518134 19.462681 -0.053127 0.998575 -0.004954 90.056694 0.517183 0.031759 0.855285 9.106316 0.000000 0.000000 0.000000 1.000000
0.854509 0.052398 -0.516787 20.934374 -0.069739 0.997464 -0.014180 89.426018 0.514734 0.048158 0.855996 9.507165 0.000000 0.000000 0.000000 1.000000
0.859254 0.049974 -0.509103 21.994022 -0.080088 0.996086 -0.037394 89.488083 0.505241 0.072903 0.859893 9.521775 0.000000 0.000000 0.000000 1.000000
0.865988 0.041240 -0.498362 22.729858 -0.087500 0.993715 -0.069815 90.049118 0.492350 0.104066 0.864154 9.229024 0.000000 0.000000 0.000000 1.000000
0.874855 0.034734 -0.483138 23.254627 -0.094183 0.990587 -0.099330 90.813606 0.475141 0.132403 0.869891 8.772882 0.000000 0.000000 0.000000 1.000000
0.884593 0.033134 -0.465185 23.650551 -0.099302 0.987981 -0.118461 91.552307 0.455669 0.150984 0.877251 8.273746 0.000000 0.000000 0.000000 1.000000
0.892824 0.034067 -0.449116 23.962036 -0.102299 0.986414 -0.128543 92.150742 0.438635 0.160710 0.884179 7.787595 0.000000 0.000000 0.000000 1.000000
0.898647 0.035585 -0.437228 24.212130 -0.104386 0.985421 -0.134346 92.581223 0.426073 0.166371 0.889260 7.337894 0.000000 0.000000 0.000000 1.000000
0.902768 0.037425 -0.428496 24.420641 -0.106541 0.984620 -0.138468 92.855873 0.416724 0.170657 0.892870 6.951451 0.000000 0.000000 0.000000 1.000000
0.905871 0.038569 -0.421795 24.618628 -0.107578 0.984140 -0.141051 93.000732 0.409665 0.173150 0.895653 6.644791 0.000000 0.000000 0.000000 1.000000
0.907828 0.037078 -0.417700 24.854639 -0.105629 0.984184 -0.142211 93.033607 0.405821 0.173224 0.897387 6.402447 0.000000 0.000000 0.000000 1.000000
0.908347 0.031890 -0.417000 25.174824 -0.100194 0.984645 -0.142952 92.955025 0.406039 0.171631 0.897594 6.179868 0.000000 0.000000 0.000000 1.000000
0.907579 0.024352 -0.419174 25.606848 -0.093027 0.985168 -0.144186 92.776840 0.409446 0.169854 0.896384 5.954472 0.000000 0.000000 0.000000 1.000000
0.905923 0.016228 -0.423132 26.147188 -0.085761 0.985588 -0.145816 92.517433 0.414667 0.168386 0.894258 5.743140 0.000000 0.000000 0.000000 1.000000
0.903369 0.008195 -0.428787 26.776411 -0.078659 0.986023 -0.146873 92.204292 0.421590 0.166408 0.891387 5.596442 0.000000 0.000000 0.000000 1.000000
0.899346 0.000467 -0.437237 27.473629 -0.071592 0.986661 -0.146202 91.860794 0.431337 0.162788 0.887383 5.559347 0.000000 0.000000 0.000000 1.000000
0.893397 -0.005845 -0.449230 28.222740 -0.065569 0.987512 -0.143248 91.498268 0.444458 0.157433 0.881857 5.636436 0.000000 0.000000 0.000000 1.000000
0.885919 -0.009291 -0.463747 29.019573 -0.062244 0.988375 -0.138709 91.148148 0.459645 0.151750 0.875042 5.798841 0.000000 0.000000 0.000000 1.000000
0.877838 -0.009830 -0.478857 29.869183 -0.062068 0.989024 -0.134086 90.868523 0.474919 0.147427 0.867593 6.021485 0.000000 0.000000 0.000000 1.000000
0.869863 -0.007889 -0.493231 30.780062 -0.064747 0.989396 -0.130011 90.773933 0.489027 0.145027 0.860128 6.329651 0.000000 0.000000 0.000000 1.000000
0.862288 -0.003528 -0.506406 31.714272 -0.069367 0.989728 -0.125010 90.948807 0.501645 0.142923 0.853185 6.728563 0.000000 0.000000 0.000000 1.000000
0.860656 0.004992 -0.509162 32.582596 -0.075585 0.990126 -0.118057 91.383759 0.503545 0.140091 0.852536 7.146192 0.000000 0.000000 0.000000 1.000000
0.859373 0.014124 -0.511154 33.279957 -0.081871 0.990523 -0.110276 91.981491 0.504753 0.136617 0.852385 7.451515 0.000000 0.000000 0.000000 1.000000
0.858554 0.023801 -0.512171 33.761795 -0.088223 0.990881 -0.101842 92.631271 0.505076 0.132622 0.852824 7.553786 0.000000 0.000000 0.000000 1.000000
0.858311 0.034330 -0.511980 34.065796 -0.095084 0.991121 -0.092946 93.255203 0.504243 0.128458 0.853954 7.446494 0.000000 0.000000 0.000000 1.000000
0.858709 0.045776 -0.510414 34.259800 -0.102644 0.991183 -0.083793 93.750320 0.502078 0.124345 0.855836 7.201041 0.000000 0.000000 0.000000 1.000000
0.859738 0.058257 -0.507402 34.404385 -0.111155 0.991002 -0.074559 94.148026 0.498493 0.120501 0.858478 6.909200 0.000000 0.000000 0.000000 1.000000
0.861409 0.070908 -0.502937 34.517460 -0.119738 0.990648 -0.065413 94.514015 0.493596 0.116568 0.861844 6.612780 0.000000 0.000000 0.000000 1.000000
0.863770 0.083174 -0.496974 34.586689 -0.127872 0.990178 -0.056532 94.839424 0.487391 0.112380 0.865922 6.311912 0.000000 0.000000 0.000000 1.000000
0.866866 0.095227 -0.489361 34.591667 -0.135865 0.989558 -0.048112 95.136078 0.479670 0.108194 0.870753 6.022095 0.000000 0.000000 0.000000 1.000000
0.870733 0.107002 -0.479973 34.510525 -0.143743 0.988793 -0.040333 95.407112 0.470278 0.104112 0.876356 5.755548 0.000000 0.000000 0.000000 1.000000
0.875376 0.118198 -0.468770 34.336441 -0.151252 0.987933 -0.033343 95.653969 0.459172 0.100090 0.882691 5.530242 0.000000 0.000000 0.000000 1.000000
0.880832 0.128462 -0.455667 34.079700 -0.158081 0.987048 -0.027310 95.875008 0.446257 0.096088 0.889731 5.332592 0.000000 0.000000 0.000000 1.000000
0.887123 0.137506 -0.440573 33.749420 -0.163984 0.986209 -0.022391 96.069847 0.431419 0.092111 0.897437 5.128404 0.000000 0.000000 0.000000 1.000000
0.894258 0.145012 -0.423407 33.317856 -0.168673 0.985494 -0.018726 96.237259 0.414550 0.088163 0.905746 4.915378 0.000000 0.000000 0.000000 1.000000
0.902232 0.150635 -0.404087 32.729359 -0.171817 0.984992 -0.016442 96.374695 0.395546 0.084263 0.914573 4.749999 0.000000 0.000000 0.000000 1.000000
0.910988 0.154423 -0.382432 31.986671 -0.173464 0.984717 -0.015587 96.481689 0.374181 0.080538 0.923852 4.692490 0.000000 0.000000 0.000000 1.000000
0.920269 0.157524 -0.358177 31.215790 -0.174653 0.984504 -0.015758 96.555542 0.350144 0.077058 0.933521 4.721531 0.000000 0.000000 0.000000 1.000000
0.929850 0.159863 -0.331394 30.564838 -0.175243 0.984381 -0.016848 96.595108 0.323525 0.073741 0.943342 4.749775 0.000000 0.000000 0.000000 1.000000
0.939515 0.161182 -0.302211 30.080151 -0.174932 0.984401 -0.018804 96.599342 0.294466 0.070533 0.953056 4.724124 0.000000 0.000000 0.000000 1.000000
0.949054 0.161218 -0.270751 29.681093 -0.173409 0.984614 -0.021560 96.567726 0.263109 0.067413 0.962408 4.683979 0.000000 0.000000 0.000000 1.000000
0.958274 0.159465 -0.237240 29.267096 -0.170122 0.985106 -0.025010 96.486160 0.229718 0.064326 0.971129 4.703975 0.000000 0.000000 0.000000 1.000000
0.966809 0.157010 -0.201564 28.806625 -0.166134 0.985675 -0.029065 96.356041 0.194113 0.061587 0.979044 4.826037 0.000000 0.000000 0.000000 1.000000
0.974517 0.153180 -0.163868 28.306450 -0.160706 0.986430 -0.033617 96.186394 0.156494 0.059095 0.985909 5.026077 0.000000 0.000000 0.000000 1.000000
0.981169 0.147941 -0.124183 27.781742 -0.153751 0.987358 -0.038539 95.985718 0.116911 0.056907 0.991511 5.283584 0.000000 0.000000 0.000000 1.000000
0.986467 0.141675 -0.082531 27.243793 -0.145605 0.988378 -0.043691 95.774414 0.075382 0.055117 0.995630 5.620902 0.000000 0.000000 0.000000 1.000000
0.990124 0.134638 -0.039065 26.694233 -0.136475 0.989435 -0.048925 95.564423 0.032065 0.053774 0.998038 6.074973 0.000000 0.000000 0.000000 1.000000
0.991855 0.127228 0.005991 26.094511 -0.126723 0.990462 -0.054091 95.359230 -0.012816 0.052891 0.998518 6.640753 0.000000 0.000000 0.000000 1.000000
0.991477 0.119295 0.052357 25.353262 -0.116178 0.991474 -0.059015 95.161484 -0.058951 0.052429 0.996883 7.240195 0.000000 0.000000 0.000000 1.000000
0.988853 0.110503 0.099795 24.407322 -0.104501 0.992495 -0.063503 94.967621 -0.106064 0.052366 0.992979 7.773576 0.000000 0.000000 0.000000 1.000000
0.983717 0.102278 0.147787 23.310669 -0.093148 0.993365 -0.067451 94.853882 -0.153705 0.052587 0.986716 8.168640 0.000000 0.000000 0.000000 1.000000
0.976157 0.092406 0.196414 22.120615 -0.079925 0.994300 -0.070567 94.745438 -0.201815 0.053186 0.977979 8.428950 0.000000 0.000000 0.000000 1.000000
0.965417 0.077365 0.248967 20.834667 -0.061001 0.995480 -0.072795 94.585640 -0.253474 0.055091 0.965772 8.583153 0.000000 0.000000 0.000000 1.000000
0.950062 0.056469 0.306908 19.438889 -0.035418 0.996648 -0.073739 94.378151 -0.310043 0.059187 0.948878 8.636950 0.000000 0.000000 0.000000 1.000000
0.929446 0.030186 0.367722 17.895264 -0.003620 0.997346 -0.072721 94.084526 -0.368941 0.066260 0.927088 8.651322 0.000000 0.000000 0.000000 1.000000
0.903176 0.001703 0.429268 16.255590 0.031058 0.997112 -0.069301 93.737633 -0.428146 0.075923 0.900514 8.623428 0.000000 0.000000 0.000000 1.000000
0.872085 -0.025668 0.488681 14.575498 0.064991 0.995852 -0.063673 93.404205 -0.485019 0.087288 0.870136 8.562314 0.000000 0.000000 0.000000 1.000000
0.837770 -0.049886 0.543740 12.892475 0.095776 0.993804 -0.056389 93.106438 -0.537558 0.099319 0.837357 8.485802 0.000000 0.000000 0.000000 1.000000
0.827869 -0.013259 0.560765 10.965265 0.084221 0.991326 -0.100897 92.066589 -0.554563 0.130758 0.821804 8.647510 0.000000 0.000000 0.000000 1.000000
0.825113 0.011144 0.564858 9.363735 0.076935 0.988275 -0.131881 91.681068 -0.559705 0.152274 0.814582 8.703676 0.000000 0.000000 0.000000 1.000000
0.825746 0.024023 0.563530 8.168807 0.076106 0.985211 -0.153518 91.933693 -0.558884 0.169655 0.811706 8.578840 0.000000 0.000000 0.000000 1.000000
0.826219 0.030983 0.562497 7.363317 0.081276 0.981485 -0.173442 92.617706 -0.557456 0.189019 0.808403 8.231970 0.000000 0.000000 0.000000 1.000000
0.826782 0.036410 0.561343 6.834813 0.088702 0.976980 -0.194014 93.427780 -0.555486 0.210199 0.804520 7.708576 0.000000 0.000000 0.000000 1.000000
0.829381 0.039947 0.557253 6.475498 0.094171 0.973172 -0.209922 94.129868 -0.550689 0.226583 0.803369 7.091623 0.000000 0.000000 0.000000 1.000000
0.833977 0.040416 0.550317 6.226735 0.095383 0.971742 -0.215915 94.612991 -0.543493 0.232559 0.806556 6.427935 0.000000 0.000000 0.000000 1.000000
0.839246 0.038638 0.542377 6.063575 0.092454 0.972808 -0.212360 94.869102 -0.535834 0.228368 0.812853 5.712268 0.000000 0.000000 0.000000 1.000000
0.844881 0.035862 0.533751 5.951675 0.086995 0.975258 -0.203231 94.966545 -0.527834 0.218140 0.820857 4.943422 0.000000 0.000000 0.000000 1.000000
0.851256 0.032803 0.523724 5.850038 0.080663 0.978003 -0.192365 94.955414 -0.518514 0.205997 0.829885 4.146595 0.000000 0.000000 0.000000 1.000000
0.858094 0.030959 0.512559 5.715189 0.073982 0.980312 -0.183069 94.851639 -0.508135 0.195011 0.838910 3.353225 0.000000 0.000000 0.000000 1.000000
0.864751 0.032713 0.501134 5.499910 0.066419 0.981661 -0.178692 94.685226 -0.497789 0.187809 0.846719 2.590849 0.000000 0.000000 0.000000 1.000000
0.870923 0.038903 0.489878 5.155905 0.057685 0.981877 -0.180530 94.508881 -0.488023 0.185486 0.852894 1.890256 0.000000 0.000000 0.000000 1.000000
0.876473 0.047771 0.479075 4.651989 0.048114 0.981392 -0.185887 94.362778 -0.479040 0.185975 0.857866 1.275804 0.000000 0.000000 0.000000 1.000000
0.880962 0.056429 0.469810 3.983105 0.038696 0.980947 -0.190383 94.230080 -0.471602 0.185900 0.861994 0.747784 0.000000 0.000000 0.000000 1.000000
0.883911 0.063864 0.463274 3.170624 0.030221 0.980760 -0.192862 94.078156 -0.466678 0.184473 0.864975 0.280212 0.000000 0.000000 0.000000 1.000000
0.884749 0.071867 0.460493 2.256144 0.022678 0.980231 -0.196552 93.878906 -0.465515 0.184342 0.865629 -0.146313 0.000000 0.000000 0.000000 1.000000
0.882373 0.082431 0.463273 1.276976 0.016046 0.978693 -0.204701 93.646622 -0.470276 0.188056 0.862250 -0.510442 0.000000 0.000000 0.000000 1.000000
0.875356 0.094392 0.474174 0.252924 0.011485 0.976420 -0.215576 93.406815 -0.483342 0.194151 0.853631 -0.776165 0.000000 0.000000 0.000000 1.000000
0.863534 0.103298 0.493597 -0.797759 0.010898 0.974744 -0.223057 93.158775 -0.504173 0.197997 0.840599 -0.949840 0.000000 0.000000 0.000000 1.000000
0.849105 0.105268 0.517629 -1.842471 0.015103 0.974702 -0.222996 92.907906 -0.528008 0.197164 0.826035 -1.084011 0.000000 0.000000 0.000000 1.000000
0.835116 0.102355 0.540468 -2.809166 0.021602 0.975675 -0.218155 92.674881 -0.549650 0.193860 0.812590 -1.241328 0.000000 0.000000 0.000000 1.000000
0.823322 0.099318 0.558818 -3.661484 0.028499 0.976095 -0.215468 92.537392 -0.566859 0.193325 0.800810 -1.421127 0.000000 0.000000 0.000000 1.000000
0.814055 0.098925 0.572301 -4.400583 0.034912 0.975271 -0.218239 92.544106 -0.579738 0.197639 0.790470 -1.595000 0.000000 0.000000 0.000000 1.000000
0.807578 0.100132 0.581199 -5.044436 0.040079 0.973885 -0.223477 92.687920 -0.588398 0.203769 0.782474 -1.729656 0.000000 0.000000 0.000000 1.000000
0.803683 0.100911 0.586439 -5.600342 0.043206 0.973019 -0.226642 92.957565 -0.593487 0.207486 0.777639 -1.788723 0.000000 0.000000 0.000000 1.000000
0.800256 0.100926 0.591104 -6.047140 0.044283 0.973097 -0.226099 93.352798 -0.598021 0.207113 0.774258 -1.766869 0.000000 0.000000 0.000000 1.000000
0.794359 0.099581 0.599230 -6.363836 0.045554 0.973928 -0.222237 93.875984 -0.605738 0.203834 0.769112 -1.716216 0.000000 0.000000 0.000000 1.000000
0.785510 0.094269 0.611626 -6.551163 0.050115 0.975394 -0.214699 94.522064 -0.616816 0.199300 0.761457 -1.709468 0.000000 0.000000 0.000000 1.000000
0.777201 0.083561 0.623679 -6.613673 0.057713 0.977500 -0.202886 95.241608 -0.626600 0.193677 0.754892 -1.797687 0.000000 0.000000 0.000000 1.000000
0.774577 0.069265 0.628676 -6.573064 0.065417 0.979881 -0.188557 95.990517 -0.629088 0.187178 0.754462 -1.958383 0.000000 0.000000 0.000000 1.000000
0.780056 0.055301 0.623261 -6.460082 0.070389 0.982008 -0.175229 96.742233 -0.621738 0.180559 0.762129 -2.140756 0.000000 0.000000 0.000000 1.000000
0.791302 0.044262 0.609821 -6.292090 0.071690 0.983780 -0.164429 97.465157 -0.607208 0.173831 0.775294 -2.332852 0.000000 0.000000 0.000000 1.000000
0.803859 0.035541 0.593757 -6.066292 0.070367 0.985522 -0.154258 98.114914 -0.590643 0.165783 0.789720 -2.560593 0.000000 0.000000 0.000000 1.000000
0.815137 0.027532 0.578614 -5.774060 0.067744 0.987485 -0.142422 98.648865 -0.575294 0.155290 0.803070 -2.844445 0.000000 0.000000 0.000000 1.000000
0.825236 0.019952 0.564435 -5.435961 0.064724 0.989451 -0.129606 99.080750 -0.561067 0.143488 0.815240 -3.149527 0.000000 0.000000 0.000000 1.000000
0.834786 0.014153 0.550393 -5.097888 0.061457 0.991027 -0.118695 99.466431 -0.547134 0.132910 0.826426 -3.407349 0.000000 0.000000 0.000000 1.000000
0.843343 0.011169 0.537259 -4.796700 0.057614 0.992142 -0.111062 99.844978 -0.534278 0.124616 0.836073 -3.568036 0.000000 0.000000 0.000000 1.000000
0.850044 0.011215 0.526592 -4.523861 0.051921 0.993120 -0.104964 100.177696 -0.524146 0.116566 0.843614 -3.641339 0.000000 0.000000 0.000000 1.000000
0.855203 0.012391 0.518145 -4.254869 0.044859 0.994193 -0.097815 100.431519 -0.516348 0.106895 0.849681 -3.656100 0.000000 0.000000 0.000000 1.000000
0.860360 0.012690 0.509529 -3.965645 0.037980 0.995314 -0.088919 100.601456 -0.508270 0.095854 0.855847 -3.649658 0.000000 0.000000 0.000000 1.000000
0.866921 0.011710 0.498307 -3.640731 0.032411 0.996284 -0.079798 100.709625 -0.497390 0.085329 0.863320 -3.655979 0.000000 0.000000 0.000000 1.000000
0.875098 0.010795 0.483826 -3.270607 0.027911 0.996961 -0.072727 100.775978 -0.483141 0.077147 0.872137 -3.694068 0.000000 0.000000 0.000000 1.000000
0.884076 0.011517 0.467201 -2.853709 0.023532 0.997331 -0.069115 100.800095 -0.466750 0.072097 0.881446 -3.764978 0.000000 0.000000 0.000000 1.000000
0.892766 0.013642 0.450314 -2.411022 0.019393 0.997451 -0.068663 100.786720 -0.450103 0.070033 0.890226 -3.843042 0.000000 0.000000 0.000000 1.000000
0.900279 0.015277 0.435046 -1.987655 0.016785 0.997422 -0.069762 100.754150 -0.434990 0.070107 0.897702 -3.886019 0.000000 0.000000 0.000000 1.000000
0.906176 0.013811 0.422675 -1.645873 0.017852 0.997326 -0.070861 100.752625 -0.422523 0.071758 0.903507 -3.838753 0.000000 0.000000 0.000000 1.000000
0.910274 0.011478 0.413846 -1.395051 0.020017 0.997226 -0.071687 100.740036 -0.413521 0.073539 0.907520 -3.704170 0.000000 0.000000 0.000000 1.000000
0.912962 0.012592 0.407851 -1.187575 0.018825 0.997160 -0.072926 100.643509 -0.407611 0.074256 0.910131 -3.512843 0.000000 0.000000 0.000000 1.000000
0.915293 0.017904 0.402390 -0.960257 0.013331 0.997118 -0.074690 100.465157 -0.402567 0.073728 0.912417 -3.265047 0.000000 0.000000 0.000000 1.000000
0.918747 0.024397 0.394093 -0.657023 0.006063 0.997100 -0.075862 100.277061 -0.394800 0.072088 0.915935 -2.925275 0.000000 0.000000 0.000000 1.000000</float_array><technique_common><accessor source="#Hips-Matrix-animation-output-transform-array" count="122" stride="16"><param type="float4x4"/></accessor></technique_common></source><source id="Hips-Interpolations"><Name_array id="Hips-Interpolations-array" count="122">
 LINEAR LINEAR LINEAR LINEAR LINEAR LINEAR LINEAR LINEAR LINEAR LINEAR LINEAR
LINEAR LINEAR LINEAR LINEAR LINEAR LINEAR LINEAR LINEAR LINEAR LINEAR LINEAR LINEAR
LINEAR LINEAR LINEAR LINEAR LINEAR LINEAR LINEAR LINEAR LINEAR LINEAR LINEAR LINEAR
LINEAR LINEAR LINEAR LINEAR LINEAR LINEAR LINEAR LINEAR LINEAR LINEAR LINEAR LINEAR
LINEAR LINEAR LINEAR LINEAR LINEAR LINEAR LINEAR LINEAR LINEAR LINEAR LINEAR LINEAR
LINEAR LINEAR LINEAR LINEAR LINEAR LINEAR LINEAR LINEAR LINEAR LINEAR LINEAR LINEAR
LINEAR LINEAR LINEAR LINEAR LINEAR LINEAR LINEAR LINEAR LINEAR LINEAR LINEAR LINEAR
LINEAR LINEAR LINEAR LINEAR LINEAR LINEAR LINEAR LINEAR LINEAR LINEAR LINEAR LINEAR
LINEAR LINEAR LINEAR LINEAR LINEAR LINEAR LINEAR LINEAR LINEAR LINEAR LINEAR LINEAR
LINEAR LINEAR LINEAR LINEAR LINEAR LINEAR LINEAR LINEAR LINEAR LINEAR LINEAR LINEAR
LINEAR LINEAR LINEAR</Name_array><technique_common><accessor source="#Hips-Interpolations-array" count="122"><param type="name"/></accessor></technique_common></source><sampler id="Hips-Matrix-animation-transform"><input semantic="INPUT" source="#Hips-Matrix-animation-input"/><input semantic="OUTPUT" source="#Hips-Matrix-animation-output-transform"/><input semantic="INTERPOLATION" source="#Hips-Interpolations"/></sampler><channel source="#Hips-Matrix-animation-transform" target="Hips/matrix"/></animation>
    <animation id="Spine-anim" name="Spine"><source id="Spine-Matrix-animation-input"><float_array id="Spine-Matrix-animation-input-array" count="122">

0.000000 0.033333 0.066667 0.100000 0.133333 0.166667 0.200000 0.233333 0.266667 0.300000 0.333333 0.366667 0.400000 0.433333 0.466667 0.500000
0.533333 0.566667 0.600000 0.633333 0.666667 0.700000 0.733333 0.766667 0.800000 0.833333 0.866667 0.900000 0.933333 0.966667 1.000000 1.033333
1.066667 1.100000 1.133333 1.166667 1.200000 1.233333 1.266667 1.300000 1.333333 1.366667 1.400000 1.433333 1.466667 1.500000 1.533333 1.566667
1.600000 1.633333 1.666667 1.700000 1.733333 1.766667 1.800000 1.833333 1.866667 1.900000 1.933333 1.966667 2.000000 2.033333 2.066667 2.100000
2.133333 2.166667 2.200000 2.233333 2.266667 2.300000 2.333333 2.366667 2.400000 2.433333 2.466667 2.500000 2.533333 2.566667 2.600000 2.633333
2.666667 2.700000 2.733333 2.766667 2.800000 2.833333 2.866667 2.900000 2.933333 2.966667 3.000000 3.033333 3.066667 3.100000 3.133333 3.166667
3.200000 3.233333 3.266667 3.300000 3.333333 3.366667 3.400000 3.433333 3.466667 3.500000 3.533333 3.566667 3.600000 3.633333 3.666667 3.700000
3.733333 3.766667 3.800000 3.833333 3.866667 3.900000 3.933333 3.966667 4.000000 4.033333</float_array><technique_common><accessor source="#Spine-Matrix-animation-input-array" count="122"><param name="TIME" type="float"/></accessor></technique_common></source><source id="Spine-Matrix-animation-output-transform"><float_array id="Spine-Matrix-animation-output-transform-array" count="1952">

0.996604 -0.073716 -0.036685 -0.023100 0.070784 0.994619 -0.075645 13.157000 0.042064 0.072792 0.996460 0.957400 0.000000 0.000000 0.000000 1.000000
0.997078 -0.067433 -0.035880 -0.023100 0.064570 0.995036 -0.075719 13.157000 0.040807 0.073181 0.996483 0.957400 0.000000 0.000000 0.000000 1.000000
0.997556 -0.060994 -0.034095 -0.023100 0.058261 0.995396 -0.076110 13.157000 0.038580 0.073938 0.996516 0.957400 0.000000 0.000000 0.000000 1.000000
0.998021 -0.054756 -0.030927 -0.023100 0.052244 0.995670 -0.076886 13.157000 0.035004 0.075118 0.996560 0.957400 0.000000 0.000000 0.000000 1.000000
0.998491 -0.048355 -0.026020 -0.023100 0.046175 0.995827 -0.078718 13.157000 0.029718 0.077397 0.996557 0.957400 0.000000 0.000000 0.000000 1.000000
0.999029 -0.039642 -0.019227 -0.023100 0.037918 0.995830 -0.082971 13.157000 0.022436 0.082161 0.996366 0.957400 0.000000 0.000000 0.000000 1.000000
0.999581 -0.027042 -0.010275 -0.023100 0.025998 0.995520 -0.090902 13.157000 0.012688 0.090597 0.995807 0.957400 0.000000 0.000000 0.000000 1.000000
0.999953 -0.009648 0.000653 -0.023100 0.009664 0.994707 -0.102297 13.157000 0.000337 0.102298 0.994754 0.957400 0.000000 0.000000 0.000000 1.000000
0.999851 0.012430 0.011987 -0.023100 -0.010968 0.993294 -0.115098 13.157000 -0.013337 0.114949 0.993282 0.957400 0.000000 0.000000 0.000000 1.000000
0.999079 0.037660 0.020572 -0.023100 -0.034759 0.991334 -0.126686 13.157000 -0.025165 0.125854 0.991730 0.957400 0.000000 0.000000 0.000000 1.000000
0.997800 0.061981 0.023519 -0.023100 -0.058236 0.989030 -0.135747 13.157000 -0.031675 0.134079 0.990464 0.957400 0.000000 0.000000 0.000000 1.000000
0.996856 0.076226 0.021620 -0.023100 -0.072380 0.987088 -0.142890 13.157000 -0.032232 0.140876 0.989502 0.957400 0.000000 0.000000 0.000000 1.000000
0.996622 0.080307 0.017214 -0.023100 -0.076843 0.985736 -0.149733 13.157000 -0.028993 0.147905 0.988577 0.957400 0.000000 0.000000 0.000000 1.000000
0.996858 0.078013 0.013692 -0.023100 -0.074921 0.984823 -0.156557 13.157000 -0.025698 0.155039 0.987574 0.957400 0.000000 0.000000 0.000000 1.000000
0.996905 0.077684 0.012040 -0.023100 -0.074728 0.984018 -0.161632 13.157000 -0.024404 0.160232 0.986778 0.957400 0.000000 0.000000 0.000000 1.000000
0.996455 0.083339 0.011454 -0.023100 -0.080363 0.983313 -0.163207 13.157000 -0.024865 0.161708 0.986525 0.957400 0.000000 0.000000 0.000000 1.000000
0.995744 0.091444 0.011518 -0.023100 -0.088388 0.982851 -0.161837 13.157000 -0.026119 0.160130 0.986750 0.957400 0.000000 0.000000 0.000000 1.000000
0.995250 0.096523 0.012697 -0.023100 -0.093265 0.982704 -0.159983 13.157000 -0.027919 0.158039 0.987038 0.957400 0.000000 0.000000 0.000000 1.000000
0.995136 0.097317 0.015315 -0.023100 -0.093651 0.982749 -0.159482 13.157000 -0.030571 0.157272 0.987082 0.957400 0.000000 0.000000 0.000000 1.000000
0.995147 0.096568 0.018878 -0.023100 -0.092331 0.982776 -0.160083 13.157000 -0.034012 0.157563 0.986923 0.957400 0.000000 0.000000 0.000000 1.000000
0.995048 0.096814 0.022494 -0.023100 -0.091988 0.982738 -0.160510 13.157000 -0.037645 0.157646 0.986778 0.957400 0.000000 0.000000 0.000000 1.000000
0.994842 0.098113 0.025752 -0.023100 -0.092774 0.982727 -0.160127 13.157000 -0.041018 0.156912 0.986760 0.957400 0.000000 0.000000 0.000000 1.000000
0.994628 0.099438 0.028761 -0.023100 -0.093651 0.982796 -0.159193 13.157000 -0.044096 0.155644 0.986828 0.957400 0.000000 0.000000 0.000000 1.000000
0.994452 0.100332 0.031616 -0.023100 -0.094147 0.982941 -0.158000 13.157000 -0.046929 0.154147 0.986933 0.957400 0.000000 0.000000 0.000000 1.000000
0.994263 0.101438 0.033934 -0.023100 -0.094962 0.983116 -0.156416 13.157000 -0.049228 0.152296 0.987108 0.957400 0.000000 0.000000 0.000000 1.000000
0.994048 0.103095 0.035216 -0.023100 -0.096518 0.983309 -0.154232 13.157000 -0.050529 0.149916 0.987407 0.957400 0.000000 0.000000 0.000000 1.000000
0.993793 0.105443 0.035452 -0.023100 -0.098939 0.983474 -0.151627 13.157000 -0.050855 0.147178 0.987802 0.957400 0.000000 0.000000 0.000000 1.000000
0.993458 0.108617 0.035271 -0.023100 -0.102238 0.983524 -0.149088 13.157000 -0.050884 0.144507 0.988195 0.957400 0.000000 0.000000 0.000000 1.000000
0.992997 0.112679 0.035496 -0.023100 -0.106336 0.983404 -0.146998 13.157000 -0.051470 0.142194 0.988500 0.957400 0.000000 0.000000 0.000000 1.000000
0.992436 0.117188 0.036576 -0.023100 -0.110735 0.983159 -0.145382 13.157000 -0.052997 0.140232 0.988699 0.957400 0.000000 0.000000 0.000000 1.000000
0.991935 0.120783 0.038418 -0.023100 -0.114115 0.982976 -0.143999 13.157000 -0.055157 0.138454 0.988832 0.957400 0.000000 0.000000 0.000000 1.000000
0.991763 0.121457 0.040679 -0.023100 -0.114549 0.983127 -0.142620 13.157000 -0.057314 0.136785 0.988941 0.957400 0.000000 0.000000 0.000000 1.000000
0.992114 0.117705 0.043069 -0.023100 -0.110583 0.983774 -0.141282 13.157000 -0.059000 0.135405 0.989032 0.957400 0.000000 0.000000 0.000000 1.000000
0.992908 0.109903 0.045322 -0.023100 -0.102597 0.984773 -0.140344 13.157000 -0.060056 0.134699 0.989065 0.957400 0.000000 0.000000 0.000000 1.000000
0.993825 0.100495 0.047037 -0.023100 -0.093041 0.985740 -0.140218 13.157000 -0.060457 0.134975 0.989003 0.957400 0.000000 0.000000 0.000000 1.000000
0.994567 0.092440 0.047865 -0.023100 -0.084893 0.986366 -0.140980 13.157000 -0.060245 0.136151 0.988855 0.957400 0.000000 0.000000 0.000000 1.000000
0.995029 0.087290 0.047942 -0.023100 -0.079697 0.986614 -0.142272 13.157000 -0.059719 0.137744 0.988666 0.957400 0.000000 0.000000 0.000000 1.000000
0.995236 0.084959 0.047819 -0.023100 -0.077322 0.986609 -0.143611 13.157000 -0.059380 0.139229 0.988478 0.957400 0.000000 0.000000 0.000000 1.000000
0.995307 0.084046 0.047965 -0.023100 -0.076331 0.986526 -0.144706 13.157000 -0.059481 0.140365 0.988312 0.957400 0.000000 0.000000 0.000000 1.000000
0.995369 0.083079 0.048351 -0.023100 -0.075271 0.986493 -0.145485 13.157000 -0.059785 0.141172 0.988178 0.957400 0.000000 0.000000 0.000000 1.000000
0.995463 0.081734 0.048722 -0.023100 -0.073860 0.986537 -0.145906 13.157000 -0.059991 0.141645 0.988098 0.957400 0.000000 0.000000 0.000000 1.000000
0.995524 0.080762 0.049092 -0.023100 -0.072851 0.986631 -0.145782 13.157000 -0.060209 0.141553 0.988098 0.957400 0.000000 0.000000 0.000000 1.000000
0.995519 0.080450 0.049700 -0.023100 -0.072517 0.986800 -0.144797 13.157000 -0.060693 0.140544 0.988212 0.957400 0.000000 0.000000 0.000000 1.000000
0.995461 0.080694 0.050450 -0.023100 -0.072780 0.987079 -0.142750 13.157000 -0.061317 0.138430 0.988472 0.957400 0.000000 0.000000 0.000000 1.000000
0.995410 0.081075 0.050858 -0.023100 -0.073289 0.987475 -0.139723 13.157000 -0.061549 0.135354 0.988884 0.957400 0.000000 0.000000 0.000000 1.000000
0.995401 0.081319 0.050638 -0.023100 -0.073787 0.987944 -0.136094 13.157000 -0.061094 0.131732 0.989401 0.957400 0.000000 0.000000 0.000000 1.000000
0.995434 0.081248 0.050099 -0.023100 -0.074011 0.988427 -0.132420 13.157000 -0.060278 0.128107 0.989927 0.957400 0.000000 0.000000 0.000000 1.000000
0.995510 0.080528 0.049750 -0.023100 -0.073532 0.988881 -0.129259 13.157000 -0.059606 0.125021 0.990362 0.957400 0.000000 0.000000 0.000000 1.000000
0.995647 0.078849 0.049699 -0.023100 -0.072012 0.989298 -0.126897 13.157000 -0.059172 0.122765 0.990670 0.957400 0.000000 0.000000 0.000000 1.000000
0.995869 0.076026 0.049642 -0.023100 -0.069321 0.989721 -0.125086 13.157000 -0.058642 0.121128 0.990903 0.957400 0.000000 0.000000 0.000000 1.000000
0.996138 0.072569 0.049427 -0.023100 -0.066017 0.990173 -0.123282 13.157000 -0.057887 0.119543 0.991140 0.957400 0.000000 0.000000 0.000000 1.000000
0.996406 0.068991 0.049150 -0.023100 -0.062611 0.990646 -0.121242 13.157000 -0.057055 0.117729 0.991405 0.957400 0.000000 0.000000 0.000000 1.000000
0.996634 0.065824 0.048864 -0.023100 -0.059604 0.991061 -0.119355 13.157000 -0.056283 0.116040 0.991649 0.957400 0.000000 0.000000 0.000000 1.000000
0.996834 0.063094 0.048385 -0.023100 -0.057011 0.991354 -0.118184 13.157000 -0.055423 0.115052 0.991812 0.957400 0.000000 0.000000 0.000000 1.000000
0.997026 0.060635 0.047567 -0.023100 -0.054677 0.991523 -0.117863 13.157000 -0.054310 0.114912 0.991890 0.957400 0.000000 0.000000 0.000000 1.000000
0.997221 0.058252 0.046435 -0.023100 -0.052427 0.991621 -0.118068 13.157000 -0.052924 0.115305 0.991919 0.957400 0.000000 0.000000 0.000000 1.000000
0.997424 0.055806 0.045057 -0.023100 -0.050135 0.991693 -0.118455 13.157000 -0.051293 0.115891 0.991937 0.957400 0.000000 0.000000 0.000000 1.000000
0.997631 0.053334 0.043450 -0.023100 -0.047841 0.991751 -0.118915 13.157000 -0.049434 0.116555 0.991953 0.957400 0.000000 0.000000 0.000000 1.000000
0.997860 0.050469 0.041582 -0.023100 -0.045185 0.991810 -0.119461 13.157000 -0.047271 0.117327 0.991968 0.957400 0.000000 0.000000 0.000000 1.000000
0.998123 0.046842 0.039440 -0.023100 -0.041803 0.991881 -0.120101 13.157000 -0.044745 0.118227 0.991978 0.957400 0.000000 0.000000 0.000000 1.000000
0.998432 0.041925 0.037097 -0.023100 -0.037165 0.991979 -0.120815 13.157000 -0.041864 0.119247 0.991982 0.957400 0.000000 0.000000 0.000000 1.000000
0.998770 0.035373 0.034739 -0.023100 -0.030906 0.992093 -0.121636 13.157000 -0.038767 0.120413 0.991967 0.957400 0.000000 0.000000 0.000000 1.000000
0.999115 0.026561 0.032600 -0.023100 -0.022376 0.992199 -0.122643 13.157000 -0.035603 0.121805 0.991915 0.957400 0.000000 0.000000 0.000000 1.000000
0.999400 0.016006 0.030727 -0.023100 -0.012082 0.992221 -0.123900 13.157000 -0.032471 0.123455 0.991819 0.957400 0.000000 0.000000 0.000000 1.000000
0.999568 0.004175 0.029079 -0.023100 -0.000498 0.992117 -0.125312 13.157000 -0.029373 0.125243 0.991691 0.957400 0.000000 0.000000 0.000000 1.000000
0.999594 -0.007391 0.027510 -0.023100 0.010822 0.991877 -0.126741 13.157000 -0.026350 0.126988 0.991554 0.957400 0.000000 0.000000 0.000000 1.000000
0.999522 -0.017005 0.025817 -0.023100 0.020178 0.991557 -0.128088 13.157000 -0.023421 0.128548 0.991427 0.957400 0.000000 0.000000 0.000000 1.000000
0.999438 -0.023750 0.023666 -0.023100 0.026615 0.991261 -0.129204 13.157000 -0.020391 0.129761 0.991336 0.957400 0.000000 0.000000 0.000000 1.000000
0.999392 -0.027882 0.020919 -0.023100 0.030369 0.991057 -0.129934 13.157000 -0.017109 0.130491 0.991302 0.957400 0.000000 0.000000 0.000000 1.000000
0.999286 -0.032876 0.018621 -0.023100 0.035028 0.990839 -0.130424 13.157000 -0.014162 0.130983 0.991283 0.957400 0.000000 0.000000 0.000000 1.000000
0.998907 -0.043066 0.018195 -0.023100 0.045088 0.990308 -0.131363 13.157000 -0.012361 0.132040 0.991167 0.957400 0.000000 0.000000 0.000000 1.000000
0.998174 -0.057312 0.019103 -0.023100 0.059354 0.989285 -0.133389 13.157000 -0.011253 0.134279 0.990880 0.957400 0.000000 0.000000 0.000000 1.000000
0.997311 -0.070810 0.018868 -0.023100 0.072724 0.988041 -0.135965 13.157000 -0.009015 0.136971 0.990534 0.957400 0.000000 0.000000 0.000000 1.000000
0.996824 -0.078084 0.015615 -0.023100 0.079493 0.987294 -0.137589 13.157000 -0.004673 0.138394 0.990366 0.957400 0.000000 0.000000 0.000000 1.000000
0.996814 -0.079101 0.010222 -0.023100 0.079755 0.987296 -0.137422 13.157000 0.000778 0.137799 0.990460 0.957400 0.000000 0.000000 0.000000 1.000000
0.996992 -0.077340 0.005027 -0.023100 0.077302 0.987627 -0.136446 13.157000 0.005588 0.136424 0.990635 0.957400 0.000000 0.000000 0.000000 1.000000
0.997114 -0.075902 0.001524 -0.023100 0.075401 0.987780 -0.136400 13.157000 0.008847 0.136121 0.990653 0.957400 0.000000 0.000000 0.000000 1.000000
0.997117 -0.075878 -0.000252 -0.023100 0.075118 0.987593 -0.137901 13.157000 0.010712 0.137485 0.990446 0.957400 0.000000 0.000000 0.000000 1.000000
0.997033 -0.076967 -0.000752 -0.023100 0.076101 0.987190 -0.140230 13.157000 0.011535 0.139757 0.990119 0.957400 0.000000 0.000000 0.000000 1.000000
0.996949 -0.078059 -0.000260 -0.023100 0.077224 0.986769 -0.142558 13.157000 0.011385 0.142103 0.989786 0.957400 0.000000 0.000000 0.000000 1.000000
0.996905 -0.078602 0.001240 -0.023100 0.077955 0.986411 -0.144623 13.157000 0.010145 0.144272 0.989486 0.957400 0.000000 0.000000 0.000000 1.000000
0.996877 -0.078890 0.003649 -0.023100 0.078574 0.986117 -0.146287 13.157000 0.007942 0.146117 0.989235 0.957400 0.000000 0.000000 0.000000 1.000000
0.996836 -0.079226 0.006476 -0.023100 0.079315 0.985921 -0.147206 13.157000 0.005277 0.147254 0.989085 0.957400 0.000000 0.000000 0.000000 1.000000
0.996794 -0.079479 0.009164 -0.023100 0.079961 0.985856 -0.147287 13.157000 0.002672 0.147548 0.989051 0.957400 0.000000 0.000000 0.000000 1.000000
0.996784 -0.079315 0.011442 -0.023100 0.080135 0.985868 -0.147111 13.157000 0.000388 0.147555 0.989054 0.957400 0.000000 0.000000 0.000000 1.000000
0.996804 -0.078759 0.013376 -0.023100 0.079871 0.985844 -0.147421 13.157000 -0.001576 0.148018 0.988983 0.957400 0.000000 0.000000 0.000000 1.000000
0.996819 -0.078254 0.015114 -0.023100 0.079632 0.985750 -0.148177 13.157000 -0.003303 0.148910 0.988845 0.957400 0.000000 0.000000 0.000000 1.000000
0.996783 -0.078384 0.016705 -0.023100 0.079998 0.985684 -0.148415 13.157000 -0.004832 0.149274 0.988784 0.957400 0.000000 0.000000 0.000000 1.000000
0.996665 -0.079570 0.018112 -0.023100 0.081374 0.985748 -0.147236 13.157000 -0.006138 0.148219 0.988936 0.957400 0.000000 0.000000 0.000000 1.000000
0.996415 -0.082351 0.019362 -0.023100 0.084293 0.985859 -0.144836 13.157000 -0.007161 0.145949 0.989266 0.957400 0.000000 0.000000 0.000000 1.000000
0.995964 -0.087372 0.020525 -0.023100 0.089411 0.985774 -0.142318 13.157000 -0.007799 0.143579 0.989608 0.957400 0.000000 0.000000 0.000000 1.000000
0.995235 -0.095052 0.021758 -0.023100 0.097174 0.985309 -0.140439 13.157000 -0.008089 0.141884 0.989850 0.957400 0.000000 0.000000 0.000000 1.000000
0.994308 -0.104057 0.022898 -0.023100 0.106238 0.984605 -0.138805 13.157000 -0.008101 0.140448 0.990055 0.957400 0.000000 0.000000 0.000000 1.000000
0.993460 -0.111719 0.023577 -0.023100 0.113902 0.984074 -0.136472 13.157000 -0.007955 0.138265 0.990363 0.957400 0.000000 0.000000 0.000000 1.000000
0.993038 -0.115444 0.023416 -0.023100 0.117544 0.984105 -0.133118 13.157000 -0.007676 0.134943 0.990824 0.957400 0.000000 0.000000 0.000000 1.000000
0.993153 -0.114679 0.022283 -0.023100 0.116606 0.984732 -0.129251 13.157000 -0.007121 0.130964 0.991362 0.957400 0.000000 0.000000 0.000000 1.000000
0.993578 -0.111335 0.020194 -0.023100 0.112995 0.985653 -0.125377 13.157000 -0.005946 0.126854 0.991904 0.957400 0.000000 0.000000 0.000000 1.000000
0.993996 -0.108097 0.016967 -0.023100 0.109361 0.986549 -0.121495 13.157000 -0.003605 0.122621 0.992447 0.957400 0.000000 0.000000 0.000000 1.000000
0.994208 -0.106742 0.012477 -0.023100 0.107469 0.987232 -0.117572 13.157000 0.000232 0.118232 0.992986 0.957400 0.000000 0.000000 0.000000 1.000000
0.994224 -0.107093 0.007085 -0.023100 0.107200 0.987668 -0.114102 13.157000 0.005222 0.114202 0.993444 0.957400 0.000000 0.000000 0.000000 1.000000
0.994192 -0.107606 0.001836 -0.023100 0.107137 0.987946 -0.111732 13.157000 0.010209 0.111280 0.993737 0.957400 0.000000 0.000000 0.000000 1.000000
0.994290 -0.106695 -0.002080 -0.023100 0.105813 0.988226 -0.110514 13.157000 0.013847 0.109662 0.993872 0.957400 0.000000 0.000000 0.000000 1.000000
0.994568 -0.104002 -0.004188 -0.023100 0.102917 0.988607 -0.109840 13.157000 0.015564 0.108812 0.993940 0.957400 0.000000 0.000000 0.000000 1.000000
0.994894 -0.100801 -0.004949 -0.023100 0.099664 0.989024 -0.109077 13.157000 0.015889 0.108027 0.994021 0.957400 0.000000 0.000000 0.000000 1.000000
0.995065 -0.099093 -0.005178 -0.023100 0.097958 0.989314 -0.107990 13.157000 0.015824 0.106949 0.994139 0.957400 0.000000 0.000000 0.000000 1.000000
0.994986 -0.099866 -0.005455 -0.023100 0.098720 0.989391 -0.106586 13.157000 0.016041 0.105514 0.994288 0.957400 0.000000 0.000000 0.000000 1.000000
0.994767 -0.101984 -0.006206 -0.023100 0.100776 0.989369 -0.104845 13.157000 0.016832 0.103671 0.994469 0.957400 0.000000 0.000000 0.000000 1.000000
0.994627 -0.103207 -0.008032 -0.023100 0.101843 0.989483 -0.102716 13.157000 0.018549 0.101346 0.994678 0.957400 0.000000 0.000000 0.000000 1.000000
0.994656 -0.102601 -0.011482 -0.023100 0.100946 0.989829 -0.100246 13.157000 0.021651 0.098552 0.994896 0.957400 0.000000 0.000000 0.000000 1.000000
0.994760 -0.100909 -0.016419 -0.023100 0.098849 0.990316 -0.097488 13.157000 0.026098 0.095354 0.995101 0.957400 0.000000 0.000000 0.000000 1.000000
0.994794 -0.099570 -0.021695 -0.023100 0.097110 0.990787 -0.094397 13.157000 0.030894 0.091799 0.995298 0.957400 0.000000 0.000000 0.000000 1.000000
