<?xml version="1.0" encoding="utf-8"?>
<COLLADA xmlns="http://www.collada.org/2005/11/COLLADASchema" version="1.4.1">
  <asset><contributor><author>Mixamo</author><authoring_tool>COLLADA Mixamo exporter</authoring_tool><comments></comments></contributor><created>2018-10-22T16:17:27Z</created><modified>2018-10-22T16:17:27Z</modified><revision></revision><title></title><unit meter="0.010000"/><up_axis>Y_UP</up_axis></asset>
  <library_animations>
    <animation id="Hips-anim" name="Hips"><source id="Hips-Matrix-animation-input"><float_array id="Hips-Matrix-animation-input-array" count="79">

0.000000 0.033333 0.066667 0.100000 0.133333 0.166667 0.200000 0.233333 0.266667 0.300000 0.333333 0.366667 0.400000 0.433333 0.466667 0.500000
0.533333 0.566667 0.600000 0.633333 0.666667 0.700000 0.733333 0.766667 0.800000 0.833333 0.866667 0.900000 0.933333 0.966667 1.000000 1.033333
1.066667 1.100000 1.133333 1.166667 1.200000 1.233333 1.266667 1.300000 1.333333 1.366667 1.400000 1.433333 1.466667 1.500000 1.533333 1.566667
1.600000 1.633333 1.666667 1.700000 1.733333 1.766667 1.800000 1.833333 1.866667 1.900000 1.933333 1.966667 2.000000 2.033333 2.066667 2.100000
2.133333 2.166667 2.200000 2.233333 2.266667 2.300000 2.333333 2.366667 2.400000 2.433333 2.466667 2.500000 2.533333 2.566667 2.600000</float_array><technique_common><accessor source="#Hips-Matrix-animation-input-array" count="79"><param name="TIME" type="float"/></accessor></technique_common></source><source id="Hips-Matrix-animation-output-transform"><float_array id="Hips-Matrix-animation-output-transform-array" count="1264">

0.945793 -0.004740 -0.324737 0.745717 -0.061203 0.979377 -0.192550 97.565636 0.318952 0.201987 0.925997 -2.047092 0.000000 0.000000 0.000000 1.000000
0.948011 -0.002167 -0.318231 0.444709 -0.063752 0.978413 -0.196582 98.100281 0.311788 0.206649 0.927407 -2.186131 0.000000 0.000000 0.000000 1.000000
0.949937 -0.002006 -0.312434 0.121293 -0.063814 0.977654 -0.200299 98.588196 0.305855 0.210209 0.928582 -2.347242 0.000000 0.000000 0.000000 1.000000
0.950577 -0.003305 -0.310471 -0.337834 -0.061880 0.977867 -0.199869 99.048103 0.304260 0.209203 0.929333 -2.634295 0.000000 0.000000 0.000000 1.000000
0.947918 -0.006682 -0.318446 -0.924357 -0.057078 0.980033 -0.190469 99.403847 0.313360 0.198725 0.928609 -2.933281 0.000000 0.000000 0.000000 1.000000
0.939600 -0.015927 -0.341903 -1.607730 -0.045032 0.984481 -0.169615 99.534317 0.339299 0.174767 0.924301 -3.101074 0.000000 0.000000 0.000000 1.000000
0.923389 -0.030886 -0.382621 -2.288106 -0.024604 0.989946 -0.139289 99.378334 0.383077 0.138032 0.913345 -2.982317 0.000000 0.000000 0.000000 1.000000
0.899315 -0.045898 -0.434885 -2.848922 0.002421 0.994984 -0.100004 98.958275 0.437294 0.088882 0.894916 -2.457077 0.000000 0.000000 0.000000 1.000000
0.864721 -0.059129 -0.498761 -3.264358 0.032001 0.997515 -0.062775 98.376930 0.501233 0.038323 0.864463 -1.462220 0.000000 0.000000 0.000000 1.000000
0.800696 -0.065661 -0.595462 -3.855722 0.055816 0.997828 -0.034975 97.764351 0.596465 -0.005232 0.802622 -0.122484 0.000000 0.000000 0.000000 1.000000
0.719047 -0.074494 -0.690958 -4.532007 0.081236 0.996432 -0.022890 97.415359 0.690198 -0.039671 0.722533 1.728185 0.000000 0.000000 0.000000 1.000000
0.675629 -0.106148 -0.729560 -4.602217 0.110546 0.992979 -0.042099 97.422668 0.728906 -0.052207 0.682620 3.687278 0.000000 0.000000 0.000000 1.000000
0.640817 -0.138126 -0.755166 -4.599020 0.143952 0.987852 -0.058532 97.537712 0.754077 -0.071199 0.652915 5.521783 0.000000 0.000000 0.000000 1.000000
0.605542 -0.158959 -0.779776 -4.615318 0.172158 0.982812 -0.066658 97.429840 0.776969 -0.093880 0.622500 7.099638 0.000000 0.000000 0.000000 1.000000
0.575960 -0.177190 -0.798044 -4.601437 0.196360 0.977633 -0.075348 97.225693 0.793544 -0.113306 0.597871 8.461743 0.000000 0.000000 0.000000 1.000000
0.557611 -0.195532 -0.806745 -4.487379 0.217004 0.972402 -0.085693 97.111595 0.801236 -0.127284 0.584654 9.545074 0.000000 0.000000 0.000000 1.000000
0.546475 -0.211126 -0.810427 -4.314740 0.230121 0.968307 -0.097084 96.964745 0.805239 -0.133443 0.577740 10.272968 0.000000 0.000000 0.000000 1.000000
0.538516 -0.220851 -0.813158 -4.078342 0.231717 0.966648 -0.109084 96.800591 0.810128 -0.129679 0.571730 10.760818 0.000000 0.000000 0.000000 1.000000
0.537760 -0.226705 -0.812046 -3.712790 0.226372 0.966627 -0.119950 96.793198 0.812139 -0.119320 0.571133 11.171250 0.000000 0.000000 0.000000 1.000000
0.547561 -0.230256 -0.804462 -3.191887 0.217477 0.967517 -0.128899 96.897179 0.808010 -0.104372 0.579850 11.524324 0.000000 0.000000 0.000000 1.000000
0.574563 -0.228640 -0.785876 -2.600582 0.203122 0.969983 -0.133698 96.973511 0.792855 -0.082811 0.603758 11.800051 0.000000 0.000000 0.000000 1.000000
0.631337 -0.215924 -0.744842 -2.137844 0.182721 0.974834 -0.127720 97.157303 0.753675 -0.055464 0.654903 11.962335 0.000000 0.000000 0.000000 1.000000
0.718303 -0.191125 -0.668963 -1.934321 0.160083 0.981131 -0.108423 97.656555 0.677063 -0.029209 0.735345 11.984260 0.000000 0.000000 0.000000 1.000000
0.820935 -0.156261 -0.549225 -1.822263 0.132180 0.987707 -0.083443 98.364616 0.555512 -0.004095 0.831498 11.992498 0.000000 0.000000 0.000000 1.000000
0.916983 -0.116449 -0.381553 -1.817165 0.098469 0.992923 -0.066389 99.129547 0.386583 0.023307 0.921960 11.945404 0.000000 0.000000 0.000000 1.000000
0.980699 -0.081363 -0.177793 -2.099759 0.070288 0.995224 -0.067734 100.221527 0.182455 0.053929 0.981734 11.427965 0.000000 0.000000 0.000000 1.000000
0.998298 -0.053279 0.023709 -2.346736 0.054960 0.995514 -0.077017 101.216408 -0.019499 0.078189 0.996748 10.202040 0.000000 0.000000 0.000000 1.000000
0.982873 -0.022278 0.182931 -2.155959 0.039532 0.995046 -0.091221 101.586464 -0.179993 0.096890 0.978884 8.522767 0.000000 0.000000 0.000000 1.000000
0.956895 0.024869 0.289366 -1.789001 0.010501 0.992713 -0.120041 101.261093 -0.290243 0.117905 0.949662 6.614966 0.000000 0.000000 0.000000 1.000000
0.934046 0.073843 0.349435 -1.689931 -0.018299 0.987002 -0.159662 100.600632 -0.356683 0.142737 0.923257 4.903265 0.000000 0.000000 0.000000 1.000000
0.922577 0.094405 0.374086 -2.144167 -0.012972 0.976643 -0.214475 100.187584 -0.385596 0.193017 0.902253 3.948014 0.000000 0.000000 0.000000 1.000000
0.915464 0.098626 0.390127 -2.950295 0.012527 0.962044 -0.272605 99.728317 -0.402206 0.254447 0.879481 3.667650 0.000000 0.000000 0.000000 1.000000
0.899709 0.112405 0.421769 -3.788429 0.027123 0.950008 -0.311045 98.544662 -0.435647 0.291290 0.851682 3.687176 0.000000 0.000000 0.000000 1.000000
0.873085 0.133647 0.468893 -4.598793 0.030364 0.944928 -0.325867 96.684906 -0.486621 0.298747 0.820945 3.926952 0.000000 0.000000 0.000000 1.000000
0.848297 0.158957 0.505099 -5.396324 0.026413 0.939989 -0.340180 94.676765 -0.528862 0.301915 0.793191 4.414515 0.000000 0.000000 0.000000 1.000000
0.833357 0.197207 0.516358 -6.081537 0.008887 0.929286 -0.369254 92.816391 -0.552664 0.312310 0.772674 4.893168 0.000000 0.000000 0.000000 1.000000
0.825934 0.235346 0.512295 -6.681140 -0.009717 0.914507 -0.404454 91.149521 -0.563684 0.329075 0.757608 5.112509 0.000000 0.000000 0.000000 1.000000
0.827248 0.257004 0.499610 -7.137993 -0.021986 0.903370 -0.428298 89.918442 -0.561407 0.343324 0.752962 5.109340 0.000000 0.000000 0.000000 1.000000
0.839188 0.256782 0.479402 -7.318133 -0.030159 0.902128 -0.430414 89.340462 -0.543005 0.346740 0.764799 4.916476 0.000000 0.000000 0.000000 1.000000
0.859857 0.237382 0.451991 -7.251223 -0.029390 0.906875 -0.420373 89.569214 -0.509688 0.348177 0.786760 4.465907 0.000000 0.000000 0.000000 1.000000
0.884709 0.210427 0.415945 -7.071909 -0.024361 0.911964 -0.409547 90.198257 -0.465507 0.352197 0.811949 3.711972 0.000000 0.000000 0.000000 1.000000
0.912462 0.182391 0.366259 -6.934686 -0.028027 0.920907 -0.388774 90.727844 -0.408200 0.344476 0.845405 2.629534 0.000000 0.000000 0.000000 1.000000
0.937967 0.164078 0.305446 -7.076492 -0.046012 0.932056 -0.359382 91.139221 -0.343659 0.323034 0.881787 1.301736 0.000000 0.000000 0.000000 1.000000
0.959702 0.146744 0.239662 -7.294202 -0.063514 0.944030 -0.323687 91.745857 -0.273747 0.295421 0.915308 -0.014691 0.000000 0.000000 0.000000 1.000000
0.979061 0.121452 0.163371 -7.081912 -0.070885 0.955701 -0.285676 92.650871 -0.190829 0.268113 0.944298 -1.118219 0.000000 0.000000 0.000000 1.000000
0.992113 0.097854 0.078340 -7.010682 -0.074952 0.964041 -0.254966 93.725571 -0.100472 0.247083 0.963771 -2.181684 0.000000 0.000000 0.000000 1.000000
0.997022 0.076701 -0.008032 -7.442455 -0.076480 0.969965 -0.230908 94.888084 -0.009920 0.230834 0.972943 -3.306852 0.000000 0.000000 0.000000 1.000000
0.993935 0.060936 -0.091545 -7.918824 -0.078756 0.975422 -0.205791 96.028793 0.076755 0.211752 0.974305 -4.276578 0.000000 0.000000 0.000000 1.000000
0.984662 0.048602 -0.167566 -8.358474 -0.078473 0.981159 -0.176548 97.043404 0.155828 0.186990 0.969924 -5.081269 0.000000 0.000000 0.000000 1.000000
0.971300 0.034035 -0.235409 -8.890946 -0.071019 0.986062 -0.150461 97.987617 0.227006 0.162861 0.960179 -5.782401 0.000000 0.000000 0.000000 1.000000
0.956390 0.015205 -0.291696 -9.453494 -0.055267 0.990025 -0.129596 98.885628 0.286816 0.140066 0.947691 -6.358282 0.000000 0.000000 0.000000 1.000000
0.941170 -0.002800 -0.337922 -9.773965 -0.037808 0.992815 -0.113529 99.493591 0.335812 0.119626 0.934302 -6.632412 0.000000 0.000000 0.000000 1.000000
0.925618 -0.019569 -0.377953 -9.849549 -0.020521 0.994598 -0.101754 99.802780 0.377902 0.101941 0.920216 -6.648250 0.000000 0.000000 0.000000 1.000000
0.909363 -0.034876 -0.414539 -9.841016 -0.004212 0.995656 -0.093008 99.969429 0.415983 0.086324 0.905266 -6.518825 0.000000 0.000000 0.000000 1.000000
0.893236 -0.047151 -0.447109 -9.804561 0.009588 0.996257 -0.085907 100.085747 0.449486 0.072449 0.890345 -6.271979 0.000000 0.000000 0.000000 1.000000
0.878674 -0.058195 -0.473862 -9.755221 0.021534 0.996364 -0.082432 100.139725 0.476936 0.062227 0.876733 -6.004839 0.000000 0.000000 0.000000 1.000000
0.865225 -0.068267 -0.496714 -9.606377 0.031946 0.996180 -0.081265 100.060974 0.500365 0.054444 0.864101 -5.768315 0.000000 0.000000 0.000000 1.000000
0.853050 -0.076190 -0.516237 -9.295553 0.040636 0.995979 -0.079844 99.918495 0.520245 0.047133 0.852716 -5.533413 0.000000 0.000000 0.000000 1.000000
0.844129 -0.082154 -0.529808 -8.878690 0.045284 0.995584 -0.082229 99.743591 0.534224 0.045420 0.844122 -5.297478 0.000000 0.000000 0.000000 1.000000
0.838467 -0.087205 -0.537930 -8.392256 0.045905 0.994907 -0.089735 99.486488 0.543016 0.050547 0.838200 -5.060558 0.000000 0.000000 0.000000 1.000000
0.836576 -0.091777 -0.540108 -7.832085 0.044646 0.994010 -0.099754 99.204582 0.546028 0.059338 0.835663 -4.824401 0.000000 0.000000 0.000000 1.000000
0.840046 -0.095038 -0.534126 -7.204694 0.042095 0.992987 -0.110479 98.938019 0.540880 0.070324 0.838155 -4.606564 0.000000 0.000000 0.000000 1.000000
0.847641 -0.096417 -0.521736 -6.516022 0.038297 0.991903 -0.121086 98.667534 0.529186 0.082657 0.844470 -4.389190 0.000000 0.000000 0.000000 1.000000
0.856469 -0.096538 -0.507091 -5.800817 0.032504 0.990493 -0.133667 98.403595 0.515174 0.097999 0.851464 -4.187187 0.000000 0.000000 0.000000 1.000000
0.866121 -0.096483 -0.490433 -5.112958 0.025494 0.988443 -0.149435 98.145386 0.499183 0.116926 0.858571 -4.035537 0.000000 0.000000 0.000000 1.000000
0.876594 -0.095433 -0.471673 -4.409608 0.019152 0.986281 -0.163959 97.867661 0.480850 0.134692 0.866396 -3.856209 0.000000 0.000000 0.000000 1.000000
0.886471 -0.091065 -0.453736 -3.621798 0.011671 0.984536 -0.174795 97.599884 0.462637 0.149655 0.873825 -3.606476 0.000000 0.000000 0.000000 1.000000
0.895906 -0.082774 -0.436464 -2.808873 0.002295 0.983337 -0.181775 97.327995 0.444238 0.161852 0.881168 -3.317924 0.000000 0.000000 0.000000 1.000000
0.904817 -0.073522 -0.419404 -2.060591 -0.005896 0.982722 -0.184991 96.989082 0.425759 0.169856 0.888751 -2.995969 0.000000 0.000000 0.000000 1.000000
0.912649 -0.065407 -0.403477 -1.323210 -0.011858 0.982461 -0.186089 96.704758 0.408572 0.174618 0.895867 -2.633003 0.000000 0.000000 0.000000 1.000000
0.919457 -0.058148 -0.388867 -0.553486 -0.016514 0.982420 -0.185950 96.574486 0.392844 0.177395 0.902333 -2.236654 0.000000 0.000000 0.000000 1.000000
0.925242 -0.051001 -0.375935 0.103450 -0.020834 0.982597 -0.184578 96.448158 0.378806 0.178612 0.908077 -1.859119 0.000000 0.000000 0.000000 1.000000
0.930164 -0.045164 -0.364355 0.594746 -0.023737 0.982931 -0.182439 96.314362 0.366375 0.178347 0.913215 -1.554642 0.000000 0.000000 0.000000 1.000000
0.934663 -0.041767 -0.353073 0.969500 -0.024958 0.982918 -0.182345 96.216270 0.354658 0.179243 0.917654 -1.377243 0.000000 0.000000 0.000000 1.000000
0.938046 -0.038180 -0.344400 1.216859 -0.026831 0.982924 -0.182047 96.097458 0.345470 0.180009 0.921004 -1.328957 0.000000 0.000000 0.000000 1.000000
0.940064 -0.034135 -0.339284 1.370605 -0.030328 0.982665 -0.182895 96.231415 0.339646 0.182223 0.922733 -1.413399 0.000000 0.000000 0.000000 1.000000
0.941888 -0.028044 -0.334754 1.349707 -0.037611 0.981440 -0.188045 96.455124 0.333814 0.189707 0.923352 -1.570711 0.000000 0.000000 0.000000 1.000000
0.943852 -0.018702 -0.329838 1.162820 -0.047559 0.980305 -0.191677 96.803963 0.326927 0.196601 0.924374 -1.771710 0.000000 0.000000 0.000000 1.000000
0.945216 -0.009153 -0.326317 0.886351 -0.056898 0.979687 -0.192293 97.291122 0.321449 0.200325 0.925495 -1.965757 0.000000 0.000000 0.000000 1.000000</float_array><technique_common><accessor source="#Hips-Matrix-animation-output-transform-array" count="79" stride="16"><param type="float4x4"/></accessor></technique_common></source><source id="Hips-Interpolations"><Name_array id="Hips-Interpolations-array" count="79">
 LINEAR LINEAR LINEAR LINEAR LINEAR LINEAR LINEAR LINEAR LINEAR LINEAR LINEAR
LINEAR LINEAR LINEAR LINEAR LINEAR LINEAR LINEAR LINEAR LINEAR LINEAR LINEAR LINEAR
LINEAR LINEAR LINEAR LINEAR LINEAR LINEAR LINEAR LINEAR LINEAR LINEAR LINEAR LINEAR
LINEAR LINEAR LINEAR LINEAR LINEAR LINEAR LINEAR LINEAR LINEAR LINEAR LINEAR LINEAR
LINEAR LINEAR LINEAR LINEAR LINEAR LINEAR LINEAR LINEAR LINEAR LINEAR LINEAR LINEAR
LINEAR LINEAR LINEAR LINEAR LINEAR LINEAR LINEAR LINEAR LINEAR LINEAR LINEAR LINEAR
LINEAR LINEAR LINEAR LINEAR LINEAR LINEAR LINEAR LINEAR</Name_array><technique_common><accessor source="#Hips-Interpolations-array" count="79"><param type="name"/></accessor></technique_common></source><sampler id="Hips-Matrix-animation-transform"><input semantic="INPUT" source="#Hips-Matrix-animation-input"/><input semantic="OUTPUT" source="#Hips-Matrix-animation-output-transform"/><input semantic="INTERPOLATION" source="#Hips-Interpolations"/></sampler><channel source="#Hips-Matrix-animation-transform" target="Hips/matrix"/></animation>
    <animation id="Spine-anim" name="Spine"><source id="Spine-Matrix-animation-input"><float_array id="Spine-Matrix-animation-input-array" count="79">

0.000000 0.033333 0.066667 0.100000 0.133333 0.166667 0.200000 0.233333 0.266667 0.300000 0.333333 0.366667 0.400000 0.433333 0.466667 0.500000
0.533333 0.566667 0.600000 0.633333 0.666667 0.700000 0.733333 0.766667 0.800000 0.833333 0.866667 0.900000 0.933333 0.966667 1.000000 1.033333
1.066667 1.100000 1.133333 1.166667 1.200000 1.233333 1.266667 1.300000 1.333333 1.366667 1.400000 1.433333 1.466667 1.500000 1.533333 1.566667
1.600000 1.633333 1.666667 1.700000 1.733333 1.766667 1.800000 1.833333 1.866667 1.900000 1.933333 1.966667 2.000000 2.033333 2.066667 2.100000
2.133333 2.166667 2.200000 2.233333 2.266667 2.300000 2.333333 2.366667 2.400000 2.433333 2.466667 2.500000 2.533333 2.566667 2.600000</float_array><technique_common><accessor source="#Spine-Matrix-animation-input-array" count="79"><param name="TIME" type="float"/></accessor></technique_common></source><source id="Spine-Matrix-animation-output-transform"><float_array id="Spine-Matrix-animation-output-transform-array" count="1264">

0.999402 -0.033183 -0.009702 -0.023100 0.032750 0.998589 -0.041811 13.157000 0.011075 0.041468 0.999078 0.957400 0.000000 0.000000 0.000000 1.000000
0.999506 -0.031057 -0.004859 -0.023100 0.030843 0.998753 -0.039262 13.157000 0.006073 0.039093 0.999217 0.957400 0.000000 0.000000 0.000000 1.000000
0.999565 -0.029374 0.002645 -0.023100 0.029450 0.998934 -0.035558 13.157000 -0.001598 0.035620 0.999364 0.957400 0.000000 0.000000 0.000000 1.000000
0.999469 -0.030045 0.012617 -0.023100 0.030418 0.999072 -0.030504 13.157000 -0.011689 0.030871 0.999455 0.957400 0.000000 0.000000 0.000000 1.000000
0.999184 -0.035618 0.019022 -0.023100 0.036042 0.999099 -0.022414 13.157000 -0.018207 0.023081 0.999568 0.957400 0.000000 0.000000 0.000000 1.000000
0.998786 -0.046213 0.017060 -0.023100 0.046365 0.998887 -0.008621 13.157000 -0.016643 0.009402 0.999817 0.957400 0.000000 0.000000 0.000000 1.000000
0.998424 -0.054045 0.015146 -0.023100 0.053870 0.998479 0.011706 13.157000 -0.015756 -0.010872 0.999817 0.957400 0.000000 0.000000 0.000000 1.000000
0.998236 -0.058658 0.009144 -0.023100 0.058337 0.997778 0.032178 13.157000 -0.011011 -0.031588 0.999440 0.957400 0.000000 0.000000 0.000000 1.000000
0.997672 -0.066374 -0.015672 -0.023100 0.067123 0.996312 0.053447 13.157000 0.012066 -0.054375 0.998448 0.957400 0.000000 0.000000 0.000000 1.000000
0.995790 -0.077678 -0.048665 -0.023100 0.081377 0.993523 0.079308 13.157000 0.042189 -0.082934 0.995662 0.957400 0.000000 0.000000 0.000000 1.000000
0.991459 -0.096489 -0.087740 -0.023100 0.105629 0.988706 0.106314 13.157000 0.076491 -0.114674 0.990454 0.957400 0.000000 0.000000 0.000000 1.000000
0.986224 -0.112332 -0.121420 -0.023100 0.127064 0.984450 0.121295 13.157000 0.105907 -0.135052 0.985162 0.957400 0.000000 0.000000 0.000000 1.000000
0.982038 -0.123798 -0.142392 -0.023100 0.142538 0.981220 0.129958 13.157000 0.123629 -0.147920 0.981242 0.957400 0.000000 0.000000 0.000000 1.000000
0.978389 -0.130264 -0.160583 -0.023100 0.151881 0.979730 0.130617 13.157000 0.140313 -0.152184 0.978342 0.957400 0.000000 0.000000 0.000000 1.000000
0.973607 -0.139060 -0.180972 -0.023100 0.163099 0.978596 0.125490 13.157000 0.159648 -0.151695 0.975449 0.957400 0.000000 0.000000 0.000000 1.000000
0.968165 -0.151855 -0.198988 -0.023100 0.177238 0.977240 0.116575 13.157000 0.176756 -0.148132 0.973044 0.957400 0.000000 0.000000 0.000000 1.000000
0.963772 -0.156598 -0.215918 -0.023100 0.183392 0.976854 0.110109 13.157000 0.193677 -0.145718 0.970183 0.957400 0.000000 0.000000 0.000000 1.000000
0.960864 -0.154390 -0.230009 -0.023100 0.182532 0.977420 0.106452 13.157000 0.208380 -0.144270 0.967349 0.957400 0.000000 0.000000 0.000000 1.000000
0.959203 -0.155255 -0.236276 -0.023100 0.183712 0.977517 0.103491 13.157000 0.214896 -0.142675 0.966159 0.957400 0.000000 0.000000 0.000000 1.000000
0.958883 -0.156959 -0.236446 -0.023100 0.185244 0.977337 0.102457 13.157000 0.215006 -0.142044 0.966228 0.957400 0.000000 0.000000 0.000000 1.000000
0.959377 -0.155962 -0.235099 -0.023100 0.184491 0.977257 0.104556 13.157000 0.213445 -0.143682 0.966331 0.957400 0.000000 0.000000 0.000000 1.000000
0.960423 -0.153684 -0.232312 -0.023100 0.183003 0.976904 0.110307 13.157000 0.209994 -0.148456 0.966366 0.957400 0.000000 0.000000 0.000000 1.000000
0.962742 -0.144752 -0.228418 -0.023100 0.175598 0.977001 0.120973 13.157000 0.205653 -0.156575 0.966018 0.957400 0.000000 0.000000 0.000000 1.000000
0.966795 -0.131725 -0.218989 -0.023100 0.163024 0.977812 0.131554 13.157000 0.196801 -0.162886 0.966818 0.957400 0.000000 0.000000 0.000000 1.000000
0.975939 -0.113852 -0.185960 -0.023100 0.141050 0.980019 0.140244 13.157000 0.166277 -0.163099 0.972497 0.957400 0.000000 0.000000 0.000000 1.000000
0.988079 -0.082234 -0.130146 -0.023100 0.101330 0.983833 0.147663 13.157000 0.115899 -0.159090 0.980437 0.957400 0.000000 0.000000 0.000000 1.000000
0.996896 -0.048335 -0.062153 -0.023100 0.056563 0.988775 0.138293 13.157000 0.054771 -0.141380 0.988439 0.957400 0.000000 0.000000 0.000000 1.000000
0.999326 -0.035211 0.010358 -0.023100 0.033849 0.993268 0.110786 13.157000 -0.014190 -0.110361 0.993790 0.957400 0.000000 0.000000 0.000000 1.000000
0.995937 -0.054074 0.072008 -0.023100 0.047518 0.994823 0.089834 13.157000 -0.076493 -0.086047 0.993350 0.957400 0.000000 0.000000 0.000000 1.000000
0.988304 -0.094119 0.119990 -0.023100 0.084471 0.992953 0.083115 13.157000 -0.126967 -0.072008 0.989290 0.957400 0.000000 0.000000 0.000000 1.000000
0.980512 -0.115717 0.158763 -0.023100 0.105633 0.991898 0.070576 13.157000 -0.165644 -0.052430 0.984791 0.957400 0.000000 0.000000 0.000000 1.000000
0.976698 -0.109309 0.184694 -0.023100 0.101752 0.993556 0.049939 13.157000 -0.188962 -0.029983 0.981527 0.957400 0.000000 0.000000 0.000000 1.000000
0.971167 -0.109886 0.211564 -0.023100 0.105765 0.993916 0.030732 13.157000 -0.213654 -0.007470 0.976881 0.957400 0.000000 0.000000 0.000000 1.000000
0.958267 -0.121631 0.258710 -0.023100 0.122634 0.992375 0.012322 13.157000 -0.258236 0.019919 0.965876 0.957400 0.000000 0.000000 0.000000 1.000000
0.953073 -0.124496 0.275959 -0.023100 0.134907 0.990676 -0.018993 13.157000 -0.271021 0.055330 0.960982 0.957400 0.000000 0.000000 0.000000 1.000000
0.964594 -0.110999 0.239245 -0.023100 0.130182 0.989299 -0.065877 13.157000 -0.229372 0.094690 0.968722 0.957400 0.000000 0.000000 0.000000 1.000000
0.977074 -0.089353 0.193243 -0.023100 0.111981 0.987657 -0.109518 13.157000 -0.181072 0.128646 0.975019 0.957400 0.000000 0.000000 0.000000 1.000000
0.987448 -0.064188 0.144311 -0.023100 0.085698 0.985243 -0.148162 13.157000 -0.132671 0.158670 0.978377 0.957400 0.000000 0.000000 0.000000 1.000000
0.995803 -0.035247 0.084466 -0.023100 0.050166 0.982090 -0.181610 13.157000 -0.076552 0.185085 0.979736 0.957400 0.000000 0.000000 0.000000 1.000000
0.999288 -0.008257 0.036828 -0.023100 0.015373 0.980208 -0.197372 13.157000 -0.034469 0.197798 0.979637 0.957400 0.000000 0.000000 0.000000 1.000000
0.999870 0.008436 0.013744 -0.023100 -0.005657 0.981586 -0.190940 13.157000 -0.015101 0.190837 0.981506 0.957400 0.000000 0.000000 0.000000 1.000000
0.999862 0.015846 0.005041 -0.023100 -0.014746 0.985051 -0.171631 13.157000 -0.007685 0.171533 0.985148 0.957400 0.000000 0.000000 0.000000 1.000000
0.999917 0.012827 -0.001145 -0.023100 -0.012857 0.989330 -0.145122 13.157000 -0.000729 0.145125 0.989413 0.957400 0.000000 0.000000 0.000000 1.000000
0.999989 0.004616 -0.000118 -0.023100 -0.004596 0.992552 -0.121732 13.157000 -0.000445 0.121731 0.992563 0.957400 0.000000 0.000000 0.000000 1.000000
0.999840 -0.003015 0.017617 -0.023100 0.004829 0.994585 -0.103818 13.157000 -0.017209 0.103886 0.994440 0.957400 0.000000 0.000000 0.000000 1.000000
0.999486 -0.007965 0.031068 -0.023100 0.010586 0.996312 -0.085147 13.157000 -0.030275 0.085432 0.995884 0.957400 0.000000 0.000000 0.000000 1.000000
0.999722 -0.009417 0.021608 -0.023100 0.010872 0.997611 -0.068219 13.157000 -0.020914 0.068435 0.997436 0.957400 0.000000 0.000000 0.000000 1.000000
0.999790 -0.020468 0.000629 -0.023100 0.020471 0.998249 -0.055489 13.157000 0.000508 0.055490 0.998459 0.957400 0.000000 0.000000 0.000000 1.000000
0.999218 -0.034321 -0.019655 -0.023100 0.033395 0.998399 -0.045654 13.157000 0.021191 0.044962 0.998764 0.957400 0.000000 0.000000 0.000000 1.000000
0.998489 -0.039429 -0.038270 -0.023100 0.037899 0.998484 -0.039907 13.157000 0.039786 0.038396 0.998470 0.957400 0.000000 0.000000 0.000000 1.000000
0.997846 -0.036860 -0.054267 -0.023100 0.035008 0.998784 -0.034699 13.157000 0.055480 0.032725 0.997923 0.957400 0.000000 0.000000 0.000000 1.000000
0.997047 -0.039910 -0.065606 -0.023100 0.038043 0.998841 -0.029474 13.157000 0.066706 0.026891 0.997410 0.957400 0.000000 0.000000 0.000000 1.000000
0.996214 -0.047962 -0.072503 -0.023100 0.046317 0.998633 -0.024207 13.157000 0.073565 0.020757 0.997074 0.957400 0.000000 0.000000 0.000000 1.000000
0.995378 -0.056178 -0.077888 -0.023100 0.054897 0.998321 -0.018490 13.157000 0.078796 0.014129 0.996791 0.957400 0.000000 0.000000 0.000000 1.000000
0.994283 -0.064697 -0.084945 -0.023100 0.063812 0.997876 -0.013101 13.157000 0.085612 0.007606 0.996300 0.957400 0.000000 0.000000 0.000000 1.000000
0.993180 -0.071278 -0.092269 -0.023100 0.070868 0.997456 -0.007716 13.157000 0.092584 0.001124 0.995704 0.957400 0.000000 0.000000 0.000000 1.000000
0.992551 -0.075506 -0.095611 -0.023100 0.075537 0.997138 -0.003310 13.157000 0.095588 -0.003937 0.995413 0.957400 0.000000 0.000000 0.000000 1.000000
0.992408 -0.077331 -0.095633 -0.023100 0.077544 0.996988 -0.001485 13.157000 0.095459 -0.005942 0.995416 0.957400 0.000000 0.000000 0.000000 1.000000
0.992411 -0.078352 -0.094770 -0.023100 0.078577 0.996907 -0.001360 13.157000 0.094583 -0.006097 0.995498 0.957400 0.000000 0.000000 0.000000 1.000000
0.992302 -0.081347 -0.093378 -0.023100 0.081520 0.996670 -0.001961 13.157000 0.093227 -0.005667 0.995629 0.957400 0.000000 0.000000 0.000000 1.000000
0.992164 -0.084859 -0.091700 -0.023100 0.084971 0.996380 -0.002687 13.157000 0.091596 -0.005126 0.995783 0.957400 0.000000 0.000000 0.000000 1.000000
0.992219 -0.087192 -0.088872 -0.023100 0.087243 0.996182 -0.003315 13.157000 0.088822 -0.004465 0.996038 0.957400 0.000000 0.000000 0.000000 1.000000
0.992395 -0.089464 -0.084552 -0.023100 0.089410 0.995985 -0.004439 13.157000 0.084610 -0.003155 0.996409 0.957400 0.000000 0.000000 0.000000 1.000000
0.992545 -0.091839 -0.080122 -0.023100 0.091661 0.995773 -0.005897 13.157000 0.080325 -0.001491 0.996768 0.957400 0.000000 0.000000 0.000000 1.000000
0.992848 -0.091597 -0.076563 -0.023100 0.091432 0.995795 -0.005676 13.157000 0.076761 -0.001365 0.997049 0.957400 0.000000 0.000000 0.000000 1.000000
0.993253 -0.089389 -0.073885 -0.023100 0.089248 0.995996 -0.005214 13.157000 0.074055 -0.001415 0.997253 0.957400 0.000000 0.000000 0.000000 1.000000
0.993316 -0.089649 -0.072703 -0.023100 0.089352 0.995973 -0.007341 13.157000 0.073068 0.000796 0.997327 0.957400 0.000000 0.000000 0.000000 1.000000
0.993528 -0.090403 -0.068764 -0.023100 0.089855 0.995894 -0.011024 13.157000 0.069479 0.004774 0.997572 0.957400 0.000000 0.000000 0.000000 1.000000
0.994316 -0.087045 -0.061310 -0.023100 0.086285 0.996158 -0.014952 13.157000 0.062376 0.009577 0.998007 0.957400 0.000000 0.000000 0.000000 1.000000
0.995200 -0.082470 -0.052676 -0.023100 0.081574 0.996487 -0.018942 13.157000 0.054053 0.014554 0.998432 0.957400 0.000000 0.000000 0.000000 1.000000
0.995779 -0.080558 -0.043996 -0.023100 0.079562 0.996543 -0.023925 13.157000 0.045771 0.020324 0.998745 0.957400 0.000000 0.000000 0.000000 1.000000
0.996313 -0.078086 -0.035525 -0.023100 0.077080 0.996607 -0.028876 13.157000 0.037659 0.026031 0.998952 0.957400 0.000000 0.000000 0.000000 1.000000
0.996924 -0.072852 -0.028898 -0.023100 0.071869 0.996844 -0.033728 13.157000 0.031264 0.031548 0.999013 0.957400 0.000000 0.000000 0.000000 1.000000
0.997462 -0.066146 -0.026353 -0.023100 0.065121 0.997152 -0.038048 13.157000 0.028795 0.036235 0.998928 0.957400 0.000000 0.000000 0.000000 1.000000
0.997882 -0.059769 -0.025692 -0.023100 0.058655 0.997388 -0.042142 13.157000 0.028144 0.040546 0.998781 0.957400 0.000000 0.000000 0.000000 1.000000
0.998181 -0.055317 -0.023982 -0.023100 0.054201 0.997519 -0.044915 13.157000 0.026407 0.043534 0.998703 0.957400 0.000000 0.000000 0.000000 1.000000
0.998598 -0.049312 -0.019240 -0.023100 0.048424 0.997852 -0.044128 13.157000 0.021375 0.043135 0.998841 0.957400 0.000000 0.000000 0.000000 1.000000
0.999042 -0.041327 -0.014428 -0.023100 0.040677 0.998259 -0.042722 13.157000 0.016168 0.042094 0.998983 0.957400 0.000000 0.000000 0.000000 1.000000
0.999312 -0.035376 -0.011154 -0.023100 0.034876 0.998498 -0.042243 13.157000 0.012632 0.041825 0.999045 0.957400 0.000000 0.000000 0.000000 1.000000</float_array><technique_common><accessor source="#Spine-Matrix-animation-output-transform-array" count="79" stride="16"><param type="float4x4"/></accessor></technique_common></source><source id="Spine-Interpolations"><Name_array id="Spine-Interpolations-array" count="79">
 LINEAR LINEAR LINEAR LINEAR LINEAR LINEAR LINEAR LINEAR LINEAR LINEAR LINEAR
LINEAR LINEAR LINEAR LINEAR LINEAR LINEAR LINEAR LINEAR LINEAR LINEAR LINEAR LINEAR
LINEAR LINEAR LINEAR LINEAR LINEAR LINEAR LINEAR LINEAR LINEAR LINEAR LINEAR LINEAR
LINEAR LINEAR LINEAR LINEAR LINEAR LINEAR LINEAR LINEAR LINEAR LINEAR LINEAR LINEAR
LINEAR LINEAR LINEAR LINEAR LINEAR LINEAR LINEAR LINEAR LINEAR LINEAR LINEAR LINEAR
LINEAR LINEAR LINEAR LINEAR LINEAR LINEAR LINEAR LINEAR LINEAR LINEAR LINEAR LINEAR
LINEAR LINEAR LINEAR LINEAR LINEAR LINEAR LINEAR LINEAR</Name_array><technique_common><accessor source="#Spine-Interpolations-array" count="79"><param type="name"/></accessor></technique_common></source><sampler id="Spine-Matrix-animation-transform"><input semantic="INPUT" source="#Spine-Matrix-animation-input"/><input semantic="OUTPUT" source="#Spine-Matrix-animation-output-transform"/><input semantic="INTERPOLATION" source="#Spine-Interpolations"/></sampler><channel source="#Spine-Matrix-animation-transform" target="Spine/matrix"/></animation>
    <animation id="Spine1-anim" name="Spine1"><source id="Spine1-Matrix-animation-input"><float_array id="Spine1-Matrix-animation-input-array" count="79">

0.000000 0.033333 0.066667 0.100000 0.133333 0.166667 0.200000 0.233333 0.266667 0.300000 0.333333 0.366667 0.400000 0.433333 0.466667 0.500000
0.533333 0.566667 0.600000 0.633333 0.666667 0.700000 0.733333 0.766667 0.800000 0.833333 0.866667 0.900000 0.933333 0.966667 1.000000 1.033333
1.066667 1.100000 1.133333 1.166667 1.200000 1.233333 1.266667 1.300000 1.333333 1.366667 1.400000 1.433333 1.466667 1.500000 1.533333 1.566667
1.600000 1.633333 1.666667 1.700000 1.733333 1.766667 1.800000 1.833333 1.866667 1.900000 1.933333 1.966667 2.000000 2.033333 2.066667 2.100000
2.133333 2.166667 2.200000 2.233333 2.266667 2.300000 2.333333 2.366667 2.400000 2.433333 2.466667 2.500000 2.533333 2.566667 2.600000</float_array><technique_common><accessor source="#Spine1-Matrix-animation-input-array" count="79"><param name="TIME" type="float"/></accessor></technique_common></source><source id="Spine1-Matrix-animation-output-transform"><float_array id="Spine1-Matrix-animation-output-transform-array" count="1264">

0.999458 -0.025778 -0.020474 -0.026900 0.022904 0.991252 -0.129983 9.893700 0.023645 0.129444 0.991305 0.057400 0.000000 0.000000 0.000000 1.000000
0.999572 -0.023871 -0.016916 -0.026900 0.021521 0.991590 -0.127613 9.893700 0.019820 0.127195 0.991680 0.057400 0.000000 0.000000 0.000000 1.000000
0.999695 -0.021952 -0.011357 -0.026900 0.020376 0.992070 -0.124023 9.893700 0.013989 0.123753 0.992214 0.057400 0.000000 0.000000 0.000000 1.000000
0.999779 -0.020617 -0.004173 -0.026900 0.019973 0.992666 -0.119227 9.893700 0.006601 0.119118 0.992858 0.057400 0.000000 0.000000 0.000000 1.000000
0.999751 -0.022292 0.000339 -0.026900 0.022188 0.993414 -0.112414 9.893700 0.002169 0.112394 0.993661 0.057400 0.000000 0.000000 0.000000 1.000000
0.999592 -0.028541 -0.000975 -0.026900 0.028293 0.994380 -0.102018 9.893700 0.003882 0.101949 0.994782 0.057400 0.000000 0.000000 0.000000 1.000000
0.999406 -0.034405 -0.001845 -0.026900 0.034115 0.995648 -0.086730 9.893700 0.004821 0.086616 0.996230 0.057400 0.000000 0.000000 0.000000 1.000000
0.999189 -0.039882 -0.005503 -0.026900 0.039382 0.996618 -0.072126 9.893700 0.008361 0.071851 0.997380 0.057400 0.000000 0.000000 0.000000 1.000000
0.998453 -0.050627 -0.022995 -0.026900 0.049195 0.997041 -0.059070 9.893700 0.025918 0.057847 0.997989 0.057400 0.000000 0.000000 0.000000 1.000000
0.996714 -0.066221 -0.046646 -0.026900 0.064236 0.997015 -0.042837 9.893700 0.049344 0.039700 0.997993 0.057400 0.000000 0.000000 0.000000 1.000000
0.993538 -0.085423 -0.074730 -0.026900 0.083893 0.996200 -0.023396 9.893700 0.076445 0.016976 0.996929 0.057400 0.000000 0.000000 0.000000 1.000000
0.990176 -0.098830 -0.098913 -0.026900 0.098356 0.995104 -0.009661 9.893700 0.099384 -0.000162 0.995049 0.057400 0.000000 0.000000 0.000000 1.000000
0.987710 -0.107100 -0.113837 -0.026900 0.107758 0.994177 -0.000374 9.893700 0.113214 -0.011897 0.993499 0.057400 0.000000 0.000000 0.000000 1.000000
0.985512 -0.112690 -0.126758 -0.026900 0.113767 0.993507 0.001267 9.893700 0.125792 -0.015669 0.991933 0.057400 0.000000 0.000000 0.000000 1.000000
0.982634 -0.120588 -0.141028 -0.026900 0.121611 0.992577 -0.001377 9.893700 0.140147 -0.015797 0.990005 0.057400 0.000000 0.000000 0.000000 1.000000
0.979631 -0.129411 -0.153544 -0.026900 0.130099 0.991485 -0.005597 9.893700 0.152961 -0.014493 0.988126 0.057400 0.000000 0.000000 0.000000 1.000000
0.977162 -0.132601 -0.166048 -0.026900 0.133089 0.991070 -0.008238 9.893700 0.165658 -0.014050 0.986083 0.057400 0.000000 0.000000 0.000000 1.000000
0.975249 -0.132838 -0.176756 -0.026900 0.133125 0.991046 -0.010293 9.893700 0.176540 -0.013492 0.984201 0.057400 0.000000 0.000000 0.000000 1.000000
0.973988 -0.136050 -0.181212 -0.026900 0.136010 0.990626 -0.012703 9.893700 0.181242 -0.012274 0.983362 0.057400 0.000000 0.000000 0.000000 1.000000
0.973547 -0.139265 -0.181139 -0.026900 0.139073 0.990186 -0.013820 9.893700 0.181285 -0.011737 0.983360 0.057400 0.000000 0.000000 0.000000 1.000000
0.973560 -0.140236 -0.180318 -0.026900 0.140291 0.990031 -0.012515 9.893700 0.180276 -0.013113 0.983529 0.057400 0.000000 0.000000 0.000000 1.000000
0.973846 -0.139936 -0.179003 -0.026900 0.140723 0.990014 -0.008358 9.893700 0.178385 -0.017051 0.983813 0.057400 0.000000 0.000000 0.000000 1.000000
0.974751 -0.134700 -0.178094 -0.026900 0.136774 0.990602 -0.000633 9.893700 0.176506 -0.023742 0.984013 0.057400 0.000000 0.000000 0.000000 1.000000
0.977091 -0.122716 -0.173881 -0.026900 0.125837 0.992026 0.006994 9.893700 0.171636 -0.028715 0.984742 0.057400 0.000000 0.000000 0.000000 1.000000
0.983015 -0.102969 -0.151918 -0.026900 0.105982 0.994297 0.011850 9.893700 0.149832 -0.027749 0.988322 0.057400 0.000000 0.000000 0.000000 1.000000
0.990740 -0.074923 -0.113225 -0.026900 0.076857 0.996960 0.012805 9.893700 0.111921 -0.021389 0.993487 0.057400 0.000000 0.000000 0.000000 1.000000
0.996777 -0.048098 -0.064204 -0.026900 0.048195 0.998838 -0.000041 9.893700 0.064131 -0.003053 0.997937 0.057400 0.000000 0.000000 0.000000 1.000000
0.999299 -0.036415 -0.008689 -0.026900 0.036200 0.999064 -0.023692 9.893700 0.009544 0.023361 0.999682 0.057400 0.000000 0.000000 0.000000 1.000000
0.998063 -0.046886 0.040887 -0.026900 0.048460 0.998088 -0.038376 9.893700 -0.039009 0.040283 0.998427 0.057400 0.000000 0.000000 0.000000 1.000000
0.994475 -0.067935 0.080025 -0.026900 0.071190 0.996718 -0.038548 9.893700 -0.077144 0.044032 0.996047 0.057400 0.000000 0.000000 0.000000 1.000000
0.991285 -0.072659 0.109883 -0.026900 0.077792 0.996034 -0.043172 9.893700 -0.106311 0.051344 0.993006 0.057400 0.000000 0.000000 0.000000 1.000000
0.990190 -0.058133 0.127058 -0.026900 0.065911 0.996145 -0.057889 9.893700 -0.123203 0.065696 0.990205 0.057400 0.000000 0.000000 0.000000 1.000000
0.988025 -0.051832 0.145329 -0.026900 0.063487 0.995028 -0.076738 9.893700 -0.140629 0.085045 0.986403 0.057400 0.000000 0.000000 0.000000 1.000000
0.982154 -0.054363 0.180050 -0.026900 0.072978 0.992465 -0.098429 9.893700 -0.173342 0.109812 0.978720 0.057400 0.000000 0.000000 0.000000 1.000000
0.979968 -0.054217 0.191632 -0.026900 0.079653 0.988619 -0.127626 9.893700 -0.182532 0.140334 0.973133 0.057400 0.000000 0.000000 0.000000 1.000000
0.985903 -0.045121 0.161118 -0.026900 0.071523 0.984189 -0.162038 9.893700 -0.151259 0.171278 0.973542 0.057400 0.000000 0.000000 0.000000 1.000000
0.991763 -0.031546 0.124138 -0.026900 0.055039 0.980115 -0.190645 9.893700 -0.115655 0.195907 0.973778 0.057400 0.000000 0.000000 0.000000 1.000000
0.996193 -0.015600 0.085768 -0.026900 0.033882 0.975793 -0.216057 9.893700 -0.080321 0.218141 0.972606 0.057400 0.000000 0.000000 0.000000 1.000000
0.999193 0.002031 0.040116 -0.026900 0.007659 0.970765 -0.239911 9.893700 -0.039430 0.240025 0.969966 0.057400 0.000000 0.000000 0.000000 1.000000
0.999827 0.017798 0.005370 -0.026900 -0.015855 0.967193 -0.253549 9.893700 -0.009706 0.253420 0.967308 0.057400 0.000000 0.000000 0.000000 1.000000
0.999591 0.026585 -0.010513 -0.026900 -0.028375 0.967474 -0.251373 9.893700 0.003488 0.251568 0.967833 0.057400 0.000000 0.000000 0.000000 1.000000
0.999473 0.028314 -0.015906 -0.026900 -0.031298 0.970510 -0.239022 9.893700 0.008669 0.239394 0.970884 0.057400 0.000000 0.000000 0.000000 1.000000
0.999525 0.023045 -0.020453 -0.026900 -0.026993 0.974988 -0.220611 9.893700 0.014858 0.221058 0.975148 0.057400 0.000000 0.000000 0.000000 1.000000
0.999686 0.014893 -0.020174 -0.026900 -0.018704 0.978721 -0.204342 9.893700 0.016701 0.204656 0.978692 0.057400 0.000000 0.000000 0.000000 1.000000
0.999937 0.008673 -0.007060 -0.026900 -0.009856 0.981770 -0.189818 9.893700 0.005285 0.189876 0.981794 0.057400 0.000000 0.000000 0.000000 1.000000
0.999986 0.003743 0.003849 -0.026900 -0.003020 0.984906 -0.173064 9.893700 -0.004438 0.173049 0.984903 0.057400 0.000000 0.000000 0.000000 1.000000
0.999997 -0.002127 -0.001432 -0.026900 0.001871 0.987184 -0.159572 9.893700 0.001753 0.159569 0.987185 0.057400 0.000000 0.000000 0.000000 1.000000
0.999794 -0.011858 -0.016498 -0.026900 0.009244 0.988590 -0.150346 9.893700 0.018092 0.150163 0.988496 0.057400 0.000000 0.000000 0.000000 1.000000
0.999261 -0.021835 -0.031621 -0.026900 0.017139 0.989746 -0.141805 9.893700 0.034393 0.141158 0.989389 0.057400 0.000000 0.000000 0.000000 1.000000
0.998620 -0.027733 -0.044598 -0.026900 0.021387 0.990347 -0.136953 9.893700 0.047965 0.135810 0.989573 0.057400 0.000000 0.000000 0.000000 1.000000
0.998006 -0.031056 -0.054944 -0.026900 0.023513 0.990844 -0.132951 9.893700 0.058569 0.131394 0.989599 0.057400 0.000000 0.000000 0.000000 1.000000
0.997391 -0.036396 -0.062335 -0.026900 0.028151 0.991324 -0.128389 9.893700 0.066467 0.126299 0.989763 0.057400 0.000000 0.000000 0.000000 1.000000
0.996856 -0.042405 -0.066939 -0.026900 0.033921 0.991809 -0.123146 9.893700 0.071613 0.120489 0.990128 0.057400 0.000000 0.000000 0.000000 1.000000
0.996351 -0.048188 -0.070440 -0.026900 0.039675 0.992266 -0.117622 9.893700 0.075563 0.114398 0.990557 0.057400 0.000000 0.000000 0.000000 1.000000
0.995681 -0.054472 -0.075186 -0.026900 0.045791 0.992572 -0.112711 9.893700 0.080767 0.108782 0.990779 0.057400 0.000000 0.000000 0.000000 1.000000
0.994976 -0.059858 -0.080249 -0.026900 0.051008 0.992828 -0.108125 9.893700 0.086145 0.103489 0.990893 0.057400 0.000000 0.000000 0.000000 1.000000
0.994575 -0.063539 -0.082365 -0.026900 0.054773 0.993001 -0.104635 9.893700 0.088437 0.099556 0.991094 0.057400 0.000000 0.000000 0.000000 1.000000
0.994470 -0.065692 -0.081943 -0.026900 0.057065 0.992990 -0.103515 9.893700 0.088168 0.098267 0.991247 0.057400 0.000000 0.000000 0.000000 1.000000
0.994445 -0.067347 -0.080895 -0.026900 0.058809 0.992874 -0.103649 9.893700 0.087299 0.098316 0.991319 0.057400 0.000000 0.000000 0.000000 1.000000
0.994420 -0.069154 -0.079667 -0.026900 0.060709 0.992729 -0.103943 9.893700 0.086276 0.098527 0.991387 0.057400 0.000000 0.000000 0.000000 1.000000
0.994409 -0.070743 -0.078403 -0.026900 0.062395 0.992592 -0.104249 9.893700 0.085197 0.098774 0.991456 0.057400 0.000000 0.000000 0.000000 1.000000
0.994476 -0.072195 -0.076188 -0.026900 0.064029 0.992444 -0.104670 9.893700 0.083169 0.099213 0.991584 0.057400 0.000000 0.000000 0.000000 1.000000
0.994639 -0.073328 -0.072912 -0.026900 0.065420 0.992266 -0.105490 9.893700 0.080084 0.100154 0.991744 0.057400 0.000000 0.000000 0.000000 1.000000
0.994805 -0.074172 -0.069726 -0.026900 0.066517 0.992102 -0.106348 9.893700 0.077063 0.101158 0.991881 0.057400 0.000000 0.000000 0.000000 1.000000
0.994973 -0.074352 -0.067084 -0.026900 0.066991 0.992107 -0.105996 9.893700 0.074435 0.100969 0.992101 0.057400 0.000000 0.000000 0.000000 1.000000
0.995184 -0.073256 -0.065140 -0.026900 0.066129 0.992213 -0.105544 9.893700 0.072364 0.100728 0.992279 0.057400 0.000000 0.000000 0.000000 1.000000
