<?xml version="1.0" encoding="utf-8"?>
<COLLADA xmlns="http://www.collada.org/2005/11/COLLADASchema" version="1.4.1">
  <asset><contributor><author>Mixamo</author><authoring_tool>COLLADA Mixamo exporter</authoring_tool><comments></comments></contributor><created>2018-10-22T16:17:02Z</created><modified>2018-10-22T16:17:02Z</modified><revision></revision><title></title><unit meter="0.010000"/><up_axis>Y_UP</up_axis></asset>
  <library_animations>
    <animation id="Hips-anim" name="Hips"><source id="Hips-Matrix-animation-input"><float_array id="Hips-Matrix-animation-input-array" count="121">

0.000000 0.033333 0.066667 0.100000 0.133333 0.166667 0.200000 0.233333 0.266667 0.300000 0.333333 0.366667 0.400000 0.433333 0.466667 0.500000
0.533333 0.566667 0.600000 0.633333 0.666667 0.700000 0.733333 0.766667 0.800000 0.833333 0.866667 0.900000 0.933333 0.966667 1.000000 1.033333
1.066667 1.100000 1.133333 1.166667 1.200000 1.233333 1.266667 1.300000 1.333333 1.366667 1.400000 1.433333 1.466667 1.500000 1.533333 1.566667
1.600000 1.633333 1.666667 1.700000 1.733333 1.766667 1.800000 1.833333 1.866667 1.900000 1.933333 1.966667 2.000000 2.033333 2.066667 2.100000
2.133333 2.166667 2.200000 2.233333 2.266667 2.300000 2.333333 2.366667 2.400000 2.433333 2.466667 2.500000 2.533333 2.566667 2.600000 2.633333
2.666667 2.700000 2.733333 2.766667 2.800000 2.833333 2.866667 2.900000 2.933333 2.966667 3.000000 3.033333 3.066667 3.100000 3.133333 3.166667
3.200000 3.233333 3.266667 3.300000 3.333333 3.366667 3.400000 3.433333 3.466667 3.500000 3.533333 3.566667 3.600000 3.633333 3.666667 3.700000
3.733333 3.766667 3.800000 3.833333 3.866667 3.900000 3.933333 3.966667 4.000000</float_array><technique_common><accessor source="#Hips-Matrix-animation-input-array" count="121"><param name="TIME" type="float"/></accessor></technique_common></source><source id="Hips-Matrix-animation-output-transform"><float_array id="Hips-Matrix-animation-output-transform-array" count="1936">

0.998334 0.024507 -0.052234 -0.057276 -0.026375 0.999026 -0.035369 104.660858 0.051316 0.036687 0.998008 -0.698688 0.000000 0.000000 0.000000 1.000000
0.998334 0.024197 -0.052386 -0.061938 -0.026071 0.999033 -0.035396 104.655258 0.051479 0.036703 0.997999 -0.968428 0.000000 0.000000 0.000000 1.000000
0.998333 0.023867 -0.052548 -0.066205 -0.025750 0.999039 -0.035458 104.650589 0.051651 0.036752 0.997989 -1.229842 0.000000 0.000000 0.000000 1.000000
0.998332 0.023525 -0.052720 -0.069888 -0.025418 0.999046 -0.035520 104.648323 0.051834 0.036801 0.997977 -1.477473 0.000000 0.000000 0.000000 1.000000
0.998331 0.023166 -0.052903 -0.073011 -0.025067 0.999053 -0.035554 104.650681 0.052029 0.036821 0.997967 -1.705114 0.000000 0.000000 0.000000 1.000000
0.998329 0.022795 -0.053095 -0.075614 -0.024703 0.999062 -0.035559 104.658165 0.052234 0.036811 0.997956 -1.908792 0.000000 0.000000 0.000000 1.000000
0.998327 0.022423 -0.053290 -0.077844 -0.024337 0.999072 -0.035540 104.671364 0.052444 0.036777 0.997946 -2.087940 0.000000 0.000000 0.000000 1.000000
0.998325 0.022080 -0.053485 -0.079104 -0.023997 0.999082 -0.035483 104.690582 0.052652 0.036707 0.997938 -2.241030 0.000000 0.000000 0.000000 1.000000
0.998321 0.021908 -0.053618 -0.078244 -0.023827 0.999089 -0.035417 104.712608 0.052793 0.036636 0.997933 -2.250206 0.000000 0.000000 0.000000 1.000000
0.998318 0.021902 -0.053680 -0.075506 -0.023821 0.999091 -0.035365 104.732658 0.052856 0.036585 0.997932 -2.131893 0.000000 0.000000 0.000000 1.000000
0.998315 0.021919 -0.053720 -0.072630 -0.023836 0.999092 -0.035309 104.749771 0.052897 0.036530 0.997932 -2.012856 0.000000 0.000000 0.000000 1.000000
0.998314 0.021951 -0.053726 -0.070355 -0.023866 0.999093 -0.035270 104.763390 0.052903 0.036493 0.997933 -1.896291 0.000000 0.000000 0.000000 1.000000
0.998316 0.021999 -0.053686 -0.068833 -0.023912 0.999092 -0.035266 104.775406 0.052861 0.036490 0.997935 -1.783666 0.000000 0.000000 0.000000 1.000000
0.998319 0.022055 -0.053590 -0.068147 -0.023969 0.999088 -0.035330 104.786545 0.052762 0.036556 0.997938 -1.683372 0.000000 0.000000 0.000000 1.000000
0.998326 0.022125 -0.053437 -0.068301 -0.024041 0.999081 -0.035489 104.796524 0.052602 0.036714 0.997940 -1.611803 0.000000 0.000000 0.000000 1.000000
0.998333 0.022220 -0.053263 -0.068738 -0.024145 0.999068 -0.035781 104.802010 0.052418 0.037008 0.997939 -1.593104 0.000000 0.000000 0.000000 1.000000
0.998339 0.022293 -0.053131 -0.069262 -0.024241 0.999047 -0.036309 104.797516 0.052271 0.037537 0.997927 -1.666218 0.000000 0.000000 0.000000 1.000000
0.998343 0.022304 -0.053052 -0.069737 -0.024292 0.999015 -0.037145 104.783112 0.052171 0.038372 0.997901 -1.841115 0.000000 0.000000 0.000000 1.000000
0.998346 0.022255 -0.053009 -0.069824 -0.024293 0.998978 -0.038108 104.779922 0.052107 0.039332 0.997867 -2.097971 0.000000 0.000000 0.000000 1.000000
0.998353 0.022090 -0.052942 -0.069579 -0.024193 0.998930 -0.039418 104.781494 0.052015 0.040634 0.997819 -2.445732 0.000000 0.000000 0.000000 1.000000
0.998355 0.021849 -0.053017 -0.069478 -0.024012 0.998891 -0.040502 104.822617 0.052073 0.041708 0.997772 -2.796483 0.000000 0.000000 0.000000 1.000000
0.998357 0.021656 -0.053050 -0.069810 -0.023862 0.998861 -0.041321 104.897919 0.052095 0.042519 0.997737 -3.027758 0.000000 0.000000 0.000000 1.000000
0.998363 0.021554 -0.052987 -0.070999 -0.023784 0.998841 -0.041836 104.982239 0.052024 0.043028 0.997718 -3.106266 0.000000 0.000000 0.000000 1.000000
0.998369 0.021575 -0.052860 -0.072583 -0.023810 0.998833 -0.042018 105.047478 0.051892 0.043208 0.997718 -3.053610 0.000000 0.000000 0.000000 1.000000
0.998375 0.021674 -0.052700 -0.074287 -0.023904 0.998829 -0.042058 105.087601 0.051726 0.043250 0.997724 -2.902161 0.000000 0.000000 0.000000 1.000000
0.998385 0.021850 -0.052434 -0.075903 -0.024052 0.998839 -0.041749 105.133240 0.051461 0.042943 0.997751 -2.612117 0.000000 0.000000 0.000000 1.000000
0.998397 0.021986 -0.052162 -0.077147 -0.024142 0.998865 -0.041060 105.177788 0.051200 0.042254 0.997794 -2.232063 0.000000 0.000000 0.000000 1.000000
0.998407 0.022120 -0.051912 -0.076716 -0.024224 0.998896 -0.040253 105.200188 0.050965 0.041446 0.997840 -1.815070 0.000000 0.000000 0.000000 1.000000
0.998418 0.022142 -0.051691 -0.074671 -0.024200 0.998925 -0.039541 105.227203 0.050760 0.040729 0.997880 -1.406384 0.000000 0.000000 0.000000 1.000000
0.998428 0.022030 -0.051537 -0.071192 -0.024049 0.998954 -0.038900 105.261986 0.050626 0.040079 0.997913 -1.013098 0.000000 0.000000 0.000000 1.000000
0.998437 0.021814 -0.051453 -0.066841 -0.023801 0.998982 -0.038325 105.300331 0.050565 0.039490 0.997940 -0.642060 0.000000 0.000000 0.000000 1.000000
0.998444 0.021590 -0.051413 -0.062113 -0.023552 0.999005 -0.037875 105.334885 0.050544 0.039027 0.997959 -0.316041 0.000000 0.000000 0.000000 1.000000
0.998449 0.021426 -0.051393 -0.057440 -0.023371 0.999022 -0.037539 105.365128 0.050538 0.038682 0.997973 -0.045375 0.000000 0.000000 0.000000 1.000000
0.998451 0.021357 -0.051382 -0.053120 -0.023288 0.999033 -0.037280 105.388428 0.050536 0.038419 0.997983 0.171581 0.000000 0.000000 0.000000 1.000000
0.998450 0.021393 -0.051383 -0.049452 -0.023314 0.999040 -0.037078 105.400314 0.050541 0.038218 0.997990 0.339938 0.000000 0.000000 0.000000 1.000000
0.998446 0.021515 -0.051402 -0.046548 -0.023429 0.999043 -0.036928 105.402069 0.050558 0.038074 0.997995 0.463648 0.000000 0.000000 0.000000 1.000000
0.998440 0.021690 -0.051440 -0.044483 -0.023602 0.999042 -0.036851 105.396141 0.050592 0.038007 0.997996 0.545854 0.000000 0.000000 0.000000 1.000000
0.998433 0.021893 -0.051492 -0.043130 -0.023806 0.999038 -0.036841 105.384377 0.050636 0.038010 0.997994 0.593418 0.000000 0.000000 0.000000 1.000000
0.998425 0.022106 -0.051559 -0.042360 -0.024023 0.999031 -0.036864 105.369514 0.050694 0.038045 0.997989 0.616459 0.000000 0.000000 0.000000 1.000000
0.998415 0.022323 -0.051656 -0.041953 -0.024248 0.999023 -0.036950 105.352661 0.050781 0.038144 0.997981 0.615755 0.000000 0.000000 0.000000 1.000000
0.998405 0.022546 -0.051768 -0.041978 -0.024482 0.999012 -0.037082 105.333969 0.050881 0.038290 0.997970 0.596051 0.000000 0.000000 0.000000 1.000000
0.998393 0.022785 -0.051883 -0.042341 -0.024735 0.999000 -0.037245 105.316978 0.050983 0.038469 0.997958 0.561788 0.000000 0.000000 0.000000 1.000000
0.998382 0.023026 -0.051996 -0.043349 -0.024988 0.998988 -0.037388 105.305145 0.051082 0.038627 0.997947 0.519928 0.000000 0.000000 0.000000 1.000000
0.998371 0.023274 -0.052090 -0.044808 -0.025243 0.998979 -0.037471 105.298897 0.051164 0.038725 0.997939 0.475175 0.000000 0.000000 0.000000 1.000000
0.998362 0.023528 -0.052149 -0.046406 -0.025498 0.998974 -0.037432 105.299171 0.051214 0.038700 0.997938 0.438754 0.000000 0.000000 0.000000 1.000000
0.998356 0.023782 -0.052151 -0.047664 -0.025745 0.998973 -0.037291 105.291611 0.051210 0.038572 0.997943 0.368864 0.000000 0.000000 0.000000 1.000000
0.998353 0.024053 -0.052090 -0.048397 -0.025998 0.998977 -0.036997 105.278366 0.051147 0.038290 0.997957 0.277146 0.000000 0.000000 0.000000 1.000000
0.998356 0.024309 -0.051900 -0.049429 -0.026229 0.998984 -0.036651 105.248825 0.050957 0.037952 0.997980 0.165438 0.000000 0.000000 0.000000 1.000000
0.998362 0.024663 -0.051622 -0.050442 -0.026555 0.998988 -0.036302 105.202538 0.050674 0.037614 0.998007 0.040306 0.000000 0.000000 0.000000 1.000000
0.998368 0.025019 -0.051341 -0.051482 -0.026888 0.998989 -0.036039 105.152702 0.050388 0.037360 0.998031 -0.064053 0.000000 0.000000 0.000000 1.000000
0.998373 0.025315 -0.051092 -0.051809 -0.027164 0.998988 -0.035835 105.098572 0.050134 0.037165 0.998051 -0.123265 0.000000 0.000000 0.000000 1.000000
0.998378 0.025506 -0.050904 -0.051370 -0.027341 0.998989 -0.035689 105.048126 0.049942 0.037023 0.998066 -0.135183 0.000000 0.000000 0.000000 1.000000
0.998381 0.025641 -0.050778 -0.050122 -0.027465 0.998990 -0.035551 104.997307 0.049815 0.036888 0.998077 -0.114974 0.000000 0.000000 0.000000 1.000000
0.998382 0.025744 -0.050694 -0.048577 -0.027559 0.998992 -0.035440 104.948807 0.049730 0.036779 0.998085 -0.077877 0.000000 0.000000 0.000000 1.000000
0.998384 0.025805 -0.050635 -0.047177 -0.027617 0.998991 -0.035427 104.906319 0.049669 0.036768 0.998089 -0.037277 0.000000 0.000000 0.000000 1.000000
0.998386 0.025856 -0.050558 -0.046083 -0.027668 0.998987 -0.035477 104.868729 0.049590 0.036818 0.998091 -0.008202 0.000000 0.000000 0.000000 1.000000
0.998390 0.025913 -0.050451 -0.045373 -0.027725 0.998983 -0.035550 104.839005 0.049479 0.036892 0.998094 0.010637 0.000000 0.000000 0.000000 1.000000
0.998395 0.025991 -0.050325 -0.045017 -0.027803 0.998978 -0.035645 104.816551 0.049347 0.036987 0.998097 0.020733 0.000000 0.000000 0.000000 1.000000
0.998398 0.026099 -0.050193 -0.044869 -0.027913 0.998970 -0.035773 104.797852 0.049207 0.037117 0.998099 0.015308 0.000000 0.000000 0.000000 1.000000
0.998402 0.026207 -0.050058 -0.044826 -0.028022 0.998962 -0.035904 104.782547 0.049066 0.037249 0.998101 -0.005887 0.000000 0.000000 0.000000 1.000000
0.998406 0.026300 -0.049947 -0.044772 -0.028118 0.998955 -0.036039 104.770584 0.048947 0.037386 0.998101 -0.038241 0.000000 0.000000 0.000000 1.000000
0.998408 0.026385 -0.049860 -0.044636 -0.028206 0.998947 -0.036178 104.759644 0.048853 0.037527 0.998101 -0.077587 0.000000 0.000000 0.000000 1.000000
0.998409 0.026466 -0.049797 -0.044358 -0.028292 0.998940 -0.036321 104.745987 0.048783 0.037672 0.998099 -0.122058 0.000000 0.000000 0.000000 1.000000
0.998408 0.026562 -0.049765 -0.044125 -0.028393 0.998932 -0.036439 104.728424 0.048744 0.037794 0.998096 -0.170262 0.000000 0.000000 0.000000 1.000000
0.998405 0.026676 -0.049754 -0.043868 -0.028511 0.998926 -0.036529 104.708855 0.048727 0.037889 0.998093 -0.221000 0.000000 0.000000 0.000000 1.000000
0.998402 0.026795 -0.049760 -0.043728 -0.028633 0.998920 -0.036597 104.687218 0.048725 0.037964 0.998090 -0.277286 0.000000 0.000000 0.000000 1.000000
0.998399 0.026889 -0.049773 -0.043857 -0.028727 0.998917 -0.036587 104.664650 0.048735 0.037959 0.998090 -0.335112 0.000000 0.000000 0.000000 1.000000
0.998396 0.026952 -0.049796 -0.043983 -0.028789 0.998918 -0.036538 104.647514 0.048757 0.037913 0.998091 -0.393160 0.000000 0.000000 0.000000 1.000000
0.998393 0.026975 -0.049830 -0.043965 -0.028808 0.998920 -0.036444 104.636841 0.048793 0.037821 0.998093 -0.447527 0.000000 0.000000 0.000000 1.000000
0.998392 0.026939 -0.049873 -0.043515 -0.028766 0.998927 -0.036287 104.634331 0.048842 0.037663 0.998096 -0.495792 0.000000 0.000000 0.000000 1.000000
0.998392 0.026860 -0.049927 -0.042415 -0.028679 0.998938 -0.036066 104.635086 0.048905 0.037440 0.998101 -0.540133 0.000000 0.000000 0.000000 1.000000
0.998392 0.026728 -0.049995 -0.041009 -0.028535 0.998953 -0.035766 104.640724 0.048987 0.037135 0.998109 -0.575760 0.000000 0.000000 0.000000 1.000000
0.998391 0.026603 -0.050071 -0.039432 -0.028399 0.998966 -0.035506 104.647919 0.049074 0.036871 0.998114 -0.612633 0.000000 0.000000 0.000000 1.000000
0.998390 0.026498 -0.050154 -0.038055 -0.028289 0.998975 -0.035331 104.654716 0.049166 0.036693 0.998116 -0.657846 0.000000 0.000000 0.000000 1.000000
0.998388 0.026402 -0.050249 -0.037167 -0.028192 0.998981 -0.035252 104.665092 0.049267 0.036612 0.998114 -0.712448 0.000000 0.000000 0.000000 1.000000
0.998385 0.026296 -0.050351 -0.036786 -0.028090 0.998983 -0.035266 104.686470 0.049372 0.036623 0.998109 -0.775912 0.000000 0.000000 0.000000 1.000000
0.998382 0.026200 -0.050459 -0.036780 -0.028003 0.998982 -0.035363 104.712585 0.049481 0.036719 0.998100 -0.845936 0.000000 0.000000 0.000000 1.000000
0.998379 0.026123 -0.050570 -0.036948 -0.027938 0.998979 -0.035516 104.737907 0.049590 0.036871 0.998089 -0.920506 0.000000 0.000000 0.000000 1.000000
0.998375 0.026070 -0.050682 -0.036969 -0.027898 0.998973 -0.035706 104.758057 0.049699 0.037062 0.998076 -0.998964 0.000000 0.000000 0.000000 1.000000
0.998369 0.026032 -0.050802 -0.036724 -0.027874 0.998966 -0.035905 104.770905 0.049815 0.037262 0.998063 -1.079736 0.000000 0.000000 0.000000 1.000000
0.998363 0.026012 -0.050938 -0.036147 -0.027870 0.998959 -0.036104 104.775558 0.049946 0.037465 0.998049 -1.163762 0.000000 0.000000 0.000000 1.000000
0.998355 0.026016 -0.051088 -0.035103 -0.027887 0.998953 -0.036263 104.775841 0.050091 0.037628 0.998036 -1.243540 0.000000 0.000000 0.000000 1.000000
0.998346 0.026020 -0.051257 -0.033410 -0.027906 0.998947 -0.036422 104.770836 0.050255 0.037792 0.998021 -1.323328 0.000000 0.000000 0.000000 1.000000
0.998337 0.025989 -0.051453 -0.030996 -0.027894 0.998939 -0.036655 104.755836 0.050446 0.038030 0.998002 -1.415166 0.000000 0.000000 0.000000 1.000000
0.998328 0.025926 -0.051654 -0.028034 -0.027853 0.998929 -0.036944 104.735542 0.050641 0.038320 0.997981 -1.509971 0.000000 0.000000 0.000000 1.000000
0.998320 0.025851 -0.051848 -0.025002 -0.027801 0.998920 -0.037241 104.713684 0.050829 0.038620 0.997960 -1.599499 0.000000 0.000000 0.000000 1.000000
0.998313 0.025781 -0.052029 -0.022214 -0.027753 0.998910 -0.037531 104.690498 0.051005 0.038912 0.997940 -1.681696 0.000000 0.000000 0.000000 1.000000
0.998306 0.025735 -0.052190 -0.019675 -0.027727 0.998900 -0.037820 104.663010 0.051159 0.039203 0.997921 -1.759191 0.000000 0.000000 0.000000 1.000000
0.998299 0.025720 -0.052329 -0.017395 -0.027732 0.998889 -0.038099 104.631966 0.051291 0.039485 0.997903 -1.830820 0.000000 0.000000 0.000000 1.000000
0.998293 0.025715 -0.052438 -0.015556 -0.027744 0.998879 -0.038354 104.594124 0.051393 0.039743 0.997887 -1.897105 0.000000 0.000000 0.000000 1.000000
0.998287 0.025776 -0.052518 -0.013860 -0.027825 0.998864 -0.038673 104.548965 0.051462 0.040068 0.997871 -1.966002 0.000000 0.000000 0.000000 1.000000
0.998282 0.025864 -0.052579 -0.012560 -0.027934 0.998848 -0.039010 104.503426 0.051510 0.040411 0.997855 -2.027335 0.000000 0.000000 0.000000 1.000000
0.998277 0.025963 -0.052625 -0.011573 -0.028051 0.998832 -0.039343 104.459747 0.051542 0.040751 0.997839 -2.079065 0.000000 0.000000 0.000000 1.000000
0.998272 0.026064 -0.052659 -0.010832 -0.028171 0.998816 -0.039660 104.419128 0.051563 0.041075 0.997825 -2.119462 0.000000 0.000000 0.000000 1.000000
0.998269 0.026160 -0.052684 -0.010278 -0.028281 0.998802 -0.039941 104.382065 0.051576 0.041362 0.997812 -2.147138 0.000000 0.000000 0.000000 1.000000
0.998265 0.026246 -0.052703 -0.009810 -0.028381 0.998790 -0.040172 104.348709 0.051585 0.041598 0.997802 -2.162325 0.000000 0.000000 0.000000 1.000000
0.998262 0.026316 -0.052722 -0.009271 -0.028461 0.998780 -0.040351 104.320923 0.051596 0.041782 0.997794 -2.164221 0.000000 0.000000 0.000000 1.000000
0.998260 0.026371 -0.052743 -0.008637 -0.028524 0.998773 -0.040494 104.298058 0.051610 0.041928 0.997787 -2.153369 0.000000 0.000000 0.000000 1.000000
0.998257 0.026419 -0.052767 -0.008072 -0.028580 0.998765 -0.040629 104.280106 0.051628 0.042067 0.997780 -2.131842 0.000000 0.000000 0.000000 1.000000
0.998255 0.026473 -0.052786 -0.007531 -0.028643 0.998757 -0.040785 104.266602 0.051640 0.042225 0.997773 -2.100559 0.000000 0.000000 0.000000 1.000000
0.998253 0.026518 -0.052800 -0.007115 -0.028698 0.998748 -0.040969 104.258736 0.051648 0.042413 0.997764 -2.059120 0.000000 0.000000 0.000000 1.000000
0.998252 0.026536 -0.052815 -0.006924 -0.028725 0.998741 -0.041133 104.257141 0.051657 0.042579 0.997757 -2.004178 0.000000 0.000000 0.000000 1.000000
0.998252 0.026513 -0.052822 -0.007285 -0.028708 0.998737 -0.041241 104.267273 0.051662 0.042686 0.997752 -1.931674 0.000000 0.000000 0.000000 1.000000
0.998253 0.026477 -0.052817 -0.008056 -0.028676 0.998735 -0.041308 104.285919 0.051657 0.042750 0.997749 -1.842891 0.000000 0.000000 0.000000 1.000000
0.998256 0.026393 -0.052803 -0.009145 -0.028591 0.998737 -0.041324 104.315208 0.051645 0.042762 0.997750 -1.740125 0.000000 0.000000 0.000000 1.000000
0.998260 0.026297 -0.052786 -0.010083 -0.028492 0.998741 -0.041281 104.347260 0.051634 0.042713 0.997752 -1.622440 0.000000 0.000000 0.000000 1.000000
0.998261 0.026249 -0.052775 -0.010012 -0.028439 0.998747 -0.041176 104.377640 0.051628 0.042605 0.997757 -1.489183 0.000000 0.000000 0.000000 1.000000
0.998263 0.026198 -0.052766 -0.010054 -0.028378 0.998756 -0.041011 104.408607 0.051626 0.042437 0.997764 -1.341575 0.000000 0.000000 0.000000 1.000000
0.998266 0.026135 -0.052751 -0.010522 -0.028304 0.998767 -0.040795 104.438560 0.051620 0.042218 0.997774 -1.181935 0.000000 0.000000 0.000000 1.000000
0.998269 0.026057 -0.052724 -0.011324 -0.028212 0.998779 -0.040556 104.466019 0.051603 0.041973 0.997785 -1.010868 0.000000 0.000000 0.000000 1.000000
0.998274 0.025965 -0.052678 -0.012418 -0.028106 0.998792 -0.040313 104.489723 0.051568 0.041724 0.997798 -0.828119 0.000000 0.000000 0.000000 1.000000
0.998280 0.025878 -0.052609 -0.013695 -0.028003 0.998805 -0.040055 104.506622 0.051510 0.041459 0.997812 -0.634686 0.000000 0.000000 0.000000 1.000000
0.998286 0.025808 -0.052520 -0.015193 -0.027915 0.998819 -0.039777 104.519287 0.051431 0.041175 0.997827 -0.432264 0.000000 0.000000 0.000000 1.000000
0.998295 0.025652 -0.052424 -0.017525 -0.027729 0.998843 -0.039293 104.534515 0.051355 0.040680 0.997852 -0.304689 0.000000 0.000000 0.000000 1.000000
0.998305 0.025452 -0.052341 -0.020344 -0.027492 0.998875 -0.038641 104.552269 0.051298 0.040014 0.997881 -0.275790 0.000000 0.000000 0.000000 1.000000
0.998313 0.025277 -0.052270 -0.024135 -0.027283 0.998905 -0.038015 104.570969 0.051252 0.039377 0.997909 -0.272353 0.000000 0.000000 0.000000 1.000000
0.998320 0.025121 -0.052218 -0.029643 -0.027093 0.998933 -0.037408 104.591583 0.051223 0.038760 0.997935 -0.294866 0.000000 0.000000 0.000000 1.000000
0.998325 0.024975 -0.052189 -0.036512 -0.026916 0.998959 -0.036830 104.613037 0.051215 0.038173 0.997958 -0.346197 0.000000 0.000000 0.000000 1.000000
0.998329 0.024830 -0.052184 -0.043740 -0.026743 0.998983 -0.036292 104.633827 0.051230 0.037627 0.997978 -0.429908 0.000000 0.000000 0.000000 1.000000
0.998332 0.024678 -0.052200 -0.050674 -0.026566 0.999006 -0.035801 104.650436 0.051264 0.037128 0.997995 -0.548109 0.000000 0.000000 0.000000 1.000000
0.998334 0.024507 -0.052234 -0.057276 -0.026375 0.999026 -0.035369 104.660858 0.051316 0.036687 0.998008 -0.698688 0.000000 0.000000 0.000000 1.000000</float_array><technique_common><accessor source="#Hips-Matrix-animation-output-transform-array" count="121" stride="16"><param type="float4x4"/></accessor></technique_common></source><source id="Hips-Interpolations"><Name_array id="Hips-Interpolations-array" count="121">
 LINEAR LINEAR LINEAR LINEAR LINEAR LINEAR LINEAR LINEAR LINEAR LINEAR LINEAR
LINEAR LINEAR LINEAR LINEAR LINEAR LINEAR LINEAR LINEAR LINEAR LINEAR LINEAR LINEAR
LINEAR LINEAR LINEAR LINEAR LINEAR LINEAR LINEAR LINEAR LINEAR LINEAR LINEAR LINEAR
LINEAR LINEAR LINEAR LINEAR LINEAR LINEAR LINEAR LINEAR LINEAR LINEAR LINEAR LINEAR
LINEAR LINEAR LINEAR LINEAR LINEAR LINEAR LINEAR LINEAR LINEAR LINEAR LINEAR LINEAR
LINEAR LINEAR LINEAR LINEAR LINEAR LINEAR LINEAR LINEAR LINEAR LINEAR LINEAR LINEAR
LINEAR LINEAR LINEAR LINEAR LINEAR LINEAR LINEAR LINEAR LINEAR LINEAR LINEAR LINEAR
LINEAR LINEAR LINEAR LINEAR LINEAR LINEAR LINEAR LINEAR LINEAR LINEAR LINEAR LINEAR
LINEAR LINEAR LINEAR LINEAR LINEAR LINEAR LINEAR LINEAR LINEAR LINEAR LINEAR LINEAR
LINEAR LINEAR LINEAR LINEAR LINEAR LINEAR LINEAR LINEAR LINEAR LINEAR LINEAR LINEAR
LINEAR LINEAR</Name_array><technique_common><accessor source="#Hips-Interpolations-array" count="121"><param type="name"/></accessor></technique_common></source><sampler id="Hips-Matrix-animation-transform"><input semantic="INPUT" source="#Hips-Matrix-animation-input"/><input semantic="OUTPUT" source="#Hips-Matrix-animation-output-transform"/><input semantic="INTERPOLATION" source="#Hips-Interpolations"/></sampler><channel source="#Hips-Matrix-animation-transform" target="Hips/matrix"/></animation>
    <animation id="Spine-anim" name="Spine"><source id="Spine-Matrix-animation-input"><float_array id="Spine-Matrix-animation-input-array" count="121">

0.000000 0.033333 0.066667 0.100000 0.133333 0.166667 0.200000 0.233333 0.266667 0.300000 0.333333 0.366667 0.400000 0.433333 0.466667 0.500000
0.533333 0.566667 0.600000 0.633333 0.666667 0.700000 0.733333 0.766667 0.800000 0.833333 0.866667 0.900000 0.933333 0.966667 1.000000 1.033333
1.066667 1.100000 1.133333 1.166667 1.200000 1.233333 1.266667 1.300000 1.333333 1.366667 1.400000 1.433333 1.466667 1.500000 1.533333 1.566667
1.600000 1.633333 1.666667 1.700000 1.733333 1.766667 1.800000 1.833333 1.866667 1.900000 1.933333 1.966667 2.000000 2.033333 2.066667 2.100000
2.133333 2.166667 2.200000 2.233333 2.266667 2.300000 2.333333 2.366667 2.400000 2.433333 2.466667 2.500000 2.533333 2.566667 2.600000 2.633333
2.666667 2.700000 2.733333 2.766667 2.800000 2.833333 2.866667 2.900000 2.933333 2.966667 3.000000 3.033333 3.066667 3.100000 3.133333 3.166667
3.200000 3.233333 3.266667 3.300000 3.333333 3.366667 3.400000 3.433333 3.466667 3.500000 3.533333 3.566667 3.600000 3.633333 3.666667 3.700000
3.733333 3.766667 3.800000 3.833333 3.866667 3.900000 3.933333 3.966667 4.000000</float_array><technique_common><accessor source="#Spine-Matrix-animation-input-array" count="121"><param name="TIME" type="float"/></accessor></technique_common></source><source id="Spine-Matrix-animation-output-transform"><float_array id="Spine-Matrix-animation-output-transform-array" count="1936">

0.999707 -0.021389 -0.011314 -0.023100 0.020237 0.995400 -0.093648 13.157000 0.013265 0.093392 0.995541 0.957400 0.000000 0.000000 0.000000 1.000000
0.999693 -0.021842 -0.011711 -0.023100 0.020651 0.995390 -0.093657 13.157000 0.013702 0.093386 0.995536 0.957400 0.000000 0.000000 0.000000 1.000000
0.999678 -0.022282 -0.012119 -0.023100 0.021051 0.995383 -0.093650 13.157000 0.014150 0.093364 0.995531 0.957400 0.000000 0.000000 0.000000 1.000000
0.999664 -0.022706 -0.012530 -0.023100 0.021435 0.995375 -0.093643 13.157000 0.014598 0.093343 0.995527 0.957400 0.000000 0.000000 0.000000 1.000000
0.999649 -0.023116 -0.012939 -0.023100 0.021805 0.995367 -0.093644 13.157000 0.015044 0.093329 0.995522 0.957400 0.000000 0.000000 0.000000 1.000000
0.999634 -0.023524 -0.013353 -0.023100 0.022173 0.995359 -0.093646 13.157000 0.015494 0.093315 0.995516 0.957400 0.000000 0.000000 0.000000 1.000000
0.999619 -0.023921 -0.013764 -0.023100 0.022529 0.995351 -0.093637 13.157000 0.015940 0.093292 0.995511 0.957400 0.000000 0.000000 0.000000 1.000000
0.999607 -0.024243 -0.014105 -0.023100 0.022819 0.995347 -0.093618 13.157000 0.016309 0.093259 0.995508 0.957400 0.000000 0.000000 0.000000 1.000000
0.999601 -0.024386 -0.014287 -0.023100 0.022944 0.995348 -0.093574 13.157000 0.016502 0.093209 0.995510 0.957400 0.000000 0.000000 0.000000 1.000000
0.999602 -0.024332 -0.014301 -0.023100 0.022890 0.995355 -0.093510 13.157000 0.016510 0.093145 0.995516 0.957400 0.000000 0.000000 0.000000 1.000000
0.999607 -0.024172 -0.014223 -0.023100 0.022740 0.995364 -0.093448 13.157000 0.016416 0.093087 0.995523 0.957400 0.000000 0.000000 0.000000 1.000000
0.999613 -0.023982 -0.014126 -0.023100 0.022561 0.995375 -0.093378 13.157000 0.016300 0.093023 0.995530 0.957400 0.000000 0.000000 0.000000 1.000000
0.999618 -0.023798 -0.014042 -0.023100 0.022387 0.995387 -0.093293 13.157000 0.016198 0.092943 0.995540 0.957400 0.000000 0.000000 0.000000 1.000000
0.999623 -0.023623 -0.013985 -0.023100 0.022220 0.995401 -0.093184 13.157000 0.016122 0.092838 0.995551 0.957400 0.000000 0.000000 0.000000 1.000000
0.999628 -0.023447 -0.013938 -0.023100 0.022050 0.995416 -0.093066 13.157000 0.016056 0.092724 0.995562 0.957400 0.000000 0.000000 0.000000 1.000000
0.999634 -0.023250 -0.013834 -0.023100 0.021866 0.995431 -0.092951 13.157000 0.015932 0.092615 0.995575 0.957400 0.000000 0.000000 0.000000 1.000000
0.999643 -0.023020 -0.013594 -0.023100 0.021661 0.995447 -0.092826 13.157000 0.015669 0.092499 0.995590 0.957400 0.000000 0.000000 0.000000 1.000000
0.999654 -0.022759 -0.013193 -0.023100 0.021440 0.995460 -0.092730 13.157000 0.015244 0.092415 0.995604 0.957400 0.000000 0.000000 0.000000 1.000000
0.999668 -0.022448 -0.012661 -0.023100 0.021179 0.995465 -0.092742 13.157000 0.014686 0.092443 0.995610 0.957400 0.000000 0.000000 0.000000 1.000000
0.999684 -0.022051 -0.012045 -0.023100 0.020841 0.995480 -0.092660 13.157000 0.014034 0.092380 0.995625 0.957400 0.000000 0.000000 0.000000 1.000000
0.999703 -0.021544 -0.011433 -0.023100 0.020395 0.995497 -0.092568 13.157000 0.013376 0.092308 0.995641 0.957400 0.000000 0.000000 0.000000 1.000000
0.999720 -0.020970 -0.010966 -0.023100 0.019870 0.995529 -0.092348 13.157000 0.012854 0.092104 0.995666 0.957400 0.000000 0.000000 0.000000 1.000000
0.999735 -0.020362 -0.010725 -0.023100 0.019289 0.995567 -0.092051 13.157000 0.012552 0.091819 0.995697 0.957400 0.000000 0.000000 0.000000 1.000000
0.999748 -0.019754 -0.010665 -0.023100 0.018693 0.995609 -0.091728 13.157000 0.012431 0.091505 0.995727 0.957400 0.000000 0.000000 0.000000 1.000000
0.999758 -0.019222 -0.010706 -0.023100 0.018165 0.995657 -0.091312 13.157000 0.012415 0.091096 0.995765 0.957400 0.000000 0.000000 0.000000 1.000000
0.999764 -0.018858 -0.010806 -0.023100 0.017799 0.995702 -0.090892 13.157000 0.012473 0.090679 0.995802 0.957400 0.000000 0.000000 0.000000 1.000000
0.999765 -0.018705 -0.010932 -0.023100 0.017638 0.995725 -0.090665 13.157000 0.012581 0.090451 0.995821 0.957400 0.000000 0.000000 0.000000 1.000000
0.999764 -0.018727 -0.011036 -0.023100 0.017652 0.995735 -0.090560 13.157000 0.012684 0.090344 0.995830 0.957400 0.000000 0.000000 0.000000 1.000000
0.999762 -0.018804 -0.011084 -0.023100 0.017726 0.995741 -0.090475 13.157000 0.012738 0.090257 0.995837 0.957400 0.000000 0.000000 0.000000 1.000000
0.999761 -0.018875 -0.011056 -0.023100 0.017798 0.995742 -0.090446 13.157000 0.012716 0.090228 0.995840 0.957400 0.000000 0.000000 0.000000 1.000000
0.999761 -0.018918 -0.010947 -0.023100 0.017851 0.995740 -0.090463 13.157000 0.012612 0.090246 0.995840 0.957400 0.000000 0.000000 0.000000 1.000000
0.999762 -0.018948 -0.010769 -0.023100 0.017897 0.995737 -0.090487 13.157000 0.012437 0.090272 0.995839 0.957400 0.000000 0.000000 0.000000 1.000000
0.999764 -0.018988 -0.010539 -0.023100 0.017957 0.995731 -0.090534 13.157000 0.012213 0.090324 0.995838 0.957400 0.000000 0.000000 0.000000 1.000000
0.999766 -0.019046 -0.010282 -0.023100 0.018037 0.995719 -0.090653 13.157000 0.011965 0.090447 0.995829 0.957400 0.000000 0.000000 0.000000 1.000000
0.999767 -0.019105 -0.010027 -0.023100 0.018116 0.995698 -0.090873 13.157000 0.011720 0.090670 0.995812 0.957400 0.000000 0.000000 0.000000 1.000000
0.999769 -0.019143 -0.009795 -0.023100 0.018171 0.995670 -0.091160 13.157000 0.011498 0.090961 0.995788 0.957400 0.000000 0.000000 0.000000 1.000000
0.999771 -0.019147 -0.009600 -0.023100 0.018189 0.995641 -0.091473 13.157000 0.011310 0.091278 0.995761 0.957400 0.000000 0.000000 0.000000 1.000000
0.999772 -0.019129 -0.009447 -0.023100 0.018182 0.995614 -0.091776 13.157000 0.011161 0.091584 0.995735 0.957400 0.000000 0.000000 0.000000 1.000000
0.999774 -0.019115 -0.009339 -0.023100 0.018175 0.995587 -0.092071 13.157000 0.011058 0.091881 0.995709 0.957400 0.000000 0.000000 0.000000 1.000000
0.999774 -0.019123 -0.009267 -0.023100 0.018186 0.995562 -0.092334 13.157000 0.010991 0.092145 0.995685 0.957400 0.000000 0.000000 0.000000 1.000000
0.999774 -0.019136 -0.009214 -0.023100 0.018202 0.995541 -0.092561 13.157000 0.010944 0.092372 0.995664 0.957400 0.000000 0.000000 0.000000 1.000000
0.999775 -0.019126 -0.009179 -0.023100 0.018193 0.995522 -0.092758 13.157000 0.010912 0.092570 0.995646 0.957400 0.000000 0.000000 0.000000 1.000000
0.999776 -0.019076 -0.009180 -0.023100 0.018141 0.995507 -0.092938 13.157000 0.010911 0.092750 0.995630 0.957400 0.000000 0.000000 0.000000 1.000000
0.999777 -0.018994 -0.009249 -0.023100 0.018052 0.995493 -0.093097 13.157000 0.010975 0.092909 0.995614 0.957400 0.000000 0.000000 0.000000 1.000000
0.999777 -0.018910 -0.009419 -0.023100 0.017950 0.995481 -0.093252 13.157000 0.011140 0.093062 0.995598 0.957400 0.000000 0.000000 0.000000 1.000000
0.999775 -0.018868 -0.009718 -0.023100 0.017878 0.995465 -0.093435 13.157000 0.011437 0.093240 0.995578 0.957400 0.000000 0.000000 0.000000 1.000000
0.999770 -0.018918 -0.010152 -0.023100 0.017885 0.995442 -0.093674 13.157000 0.011878 0.093471 0.995551 0.957400 0.000000 0.000000 0.000000 1.000000
0.999761 -0.019077 -0.010687 -0.023100 0.017991 0.995419 -0.093900 13.157000 0.012430 0.093685 0.995524 0.957400 0.000000 0.000000 0.000000 1.000000
0.999750 -0.019342 -0.011239 -0.023100 0.018199 0.995394 -0.094130 13.157000 0.013008 0.093902 0.995496 0.957400 0.000000 0.000000 0.000000 1.000000
0.999738 -0.019649 -0.011711 -0.023100 0.018458 0.995369 -0.094343 13.157000 0.013511 0.094102 0.995471 0.957400 0.000000 0.000000 0.000000 1.000000
0.999729 -0.019935 -0.012041 -0.023100 0.018710 0.995346 -0.094528 13.157000 0.013870 0.094277 0.995449 0.957400 0.000000 0.000000 0.000000 1.000000
0.999722 -0.020166 -0.012216 -0.023100 0.018920 0.995326 -0.094700 13.157000 0.014068 0.094442 0.995431 0.957400 0.000000 0.000000 0.000000 1.000000
0.999718 -0.020363 -0.012243 -0.023100 0.019111 0.995305 -0.094878 13.157000 0.014117 0.094617 0.995414 0.957400 0.000000 0.000000 0.000000 1.000000
0.999715 -0.020545 -0.012149 -0.023100 0.019299 0.995286 -0.095041 13.157000 0.014044 0.094780 0.995399 0.957400 0.000000 0.000000 0.000000 1.000000
0.999713 -0.020734 -0.011971 -0.023100 0.019503 0.995271 -0.095156 13.157000 0.013888 0.094895 0.995390 0.957400 0.000000 0.000000 0.000000 1.000000
0.999712 -0.020932 -0.011756 -0.023100 0.019719 0.995259 -0.095244 13.157000 0.013694 0.094984 0.995385 0.957400 0.000000 0.000000 0.000000 1.000000
0.999710 -0.021132 -0.011540 -0.023100 0.019937 0.995248 -0.095305 13.157000 0.013500 0.095048 0.995381 0.957400 0.000000 0.000000 0.000000 1.000000
0.999708 -0.021320 -0.011342 -0.023100 0.020143 0.995241 -0.095340 13.157000 0.013320 0.095083 0.995380 0.957400 0.000000 0.000000 0.000000 1.000000
0.999707 -0.021481 -0.011165 -0.023100 0.020320 0.995236 -0.095350 13.157000 0.013160 0.095095 0.995381 0.957400 0.000000 0.000000 0.000000 1.000000
0.999706 -0.021611 -0.011016 -0.023100 0.020463 0.995234 -0.095348 13.157000 0.013024 0.095095 0.995383 0.957400 0.000000 0.000000 0.000000 1.000000
0.999705 -0.021718 -0.010902 -0.023100 0.020582 0.995233 -0.095325 13.157000 0.012921 0.095072 0.995387 0.957400 0.000000 0.000000 0.000000 1.000000
0.999704 -0.021810 -0.010822 -0.023100 0.020681 0.995234 -0.095296 13.157000 0.012848 0.095044 0.995390 0.957400 0.000000 0.000000 0.000000 1.000000
0.999703 -0.021888 -0.010758 -0.023100 0.020765 0.995235 -0.095269 13.157000 0.012792 0.095018 0.995393 0.957400 0.000000 0.000000 0.000000 1.000000
0.999702 -0.021952 -0.010700 -0.023100 0.020834 0.995235 -0.095259 13.157000 0.012740 0.095007 0.995395 0.957400 0.000000 0.000000 0.000000 1.000000
0.999701 -0.022000 -0.010654 -0.023100 0.020886 0.995232 -0.095269 13.157000 0.012699 0.095018 0.995395 0.957400 0.000000 0.000000 0.000000 1.000000
0.999701 -0.022029 -0.010638 -0.023100 0.020916 0.995229 -0.095297 13.157000 0.012686 0.095046 0.995392 0.957400 0.000000 0.000000 0.000000 1.000000
0.999700 -0.022030 -0.010659 -0.023100 0.020914 0.995223 -0.095360 13.157000 0.012709 0.095109 0.995386 0.957400 0.000000 0.000000 0.000000 1.000000
0.999701 -0.021994 -0.010701 -0.023100 0.020874 0.995217 -0.095433 13.157000 0.012749 0.095182 0.995378 0.957400 0.000000 0.000000 0.000000 1.000000
0.999702 -0.021907 -0.010739 -0.023100 0.020782 0.995211 -0.095520 13.157000 0.012780 0.095269 0.995370 0.957400 0.000000 0.000000 0.000000 1.000000
0.999705 -0.021753 -0.010758 -0.023100 0.020626 0.995203 -0.095630 13.157000 0.012786 0.095380 0.995359 0.957400 0.000000 0.000000 0.000000 1.000000
0.999710 -0.021548 -0.010749 -0.023100 0.020421 0.995194 -0.095769 13.157000 0.012761 0.095522 0.995346 0.957400 0.000000 0.000000 0.000000 1.000000
0.999715 -0.021314 -0.010717 -0.023100 0.020189 0.995182 -0.095946 13.157000 0.012710 0.095703 0.995329 0.957400 0.000000 0.000000 0.000000 1.000000
0.999721 -0.021084 -0.010663 -0.023100 0.019963 0.995171 -0.096105 13.157000 0.012638 0.095865 0.995314 0.957400 0.000000 0.000000 0.000000 1.000000
0.999726 -0.020871 -0.010595 -0.023100 0.019756 0.995163 -0.096229 13.157000 0.012552 0.095994 0.995303 0.957400 0.000000 0.000000 0.000000 1.000000
0.999731 -0.020658 -0.010515 -0.023100 0.019550 0.995159 -0.096317 13.157000 0.012454 0.096085 0.995295 0.957400 0.000000 0.000000 0.000000 1.000000
0.999737 -0.020422 -0.010423 -0.023100 0.019324 0.995158 -0.096370 13.157000 0.012341 0.096143 0.995291 0.957400 0.000000 0.000000 0.000000 1.000000
0.999743 -0.020168 -0.010319 -0.023100 0.019081 0.995161 -0.096391 13.157000 0.012214 0.096169 0.995290 0.957400 0.000000 0.000000 0.000000 1.000000
0.999749 -0.019923 -0.010212 -0.023100 0.018847 0.995165 -0.096395 13.157000 0.012083 0.096178 0.995291 0.957400 0.000000 0.000000 0.000000 1.000000
0.999755 -0.019713 -0.010111 -0.023100 0.018648 0.995168 -0.096400 13.157000 0.011962 0.096187 0.995291 0.957400 0.000000 0.000000 0.000000 1.000000
0.999759 -0.019541 -0.010019 -0.023100 0.018485 0.995169 -0.096423 13.157000 0.011855 0.096215 0.995290 0.957400 0.000000 0.000000 0.000000 1.000000
0.999763 -0.019397 -0.009931 -0.023100 0.018349 0.995168 -0.096461 13.157000 0.011754 0.096256 0.995287 0.957400 0.000000 0.000000 0.000000 1.000000
0.999766 -0.019259 -0.009839 -0.023100 0.018220 0.995164 -0.096520 13.157000 0.011651 0.096319 0.995282 0.957400 0.000000 0.000000 0.000000 1.000000
0.999770 -0.019122 -0.009741 -0.023100 0.018093 0.995161 -0.096575 13.157000 0.011540 0.096376 0.995278 0.957400 0.000000 0.000000 0.000000 1.000000
0.999773 -0.018986 -0.009642 -0.023100 0.017967 0.995162 -0.096593 13.157000 0.011429 0.096398 0.995277 0.957400 0.000000 0.000000 0.000000 1.000000
0.999777 -0.018849 -0.009552 -0.023100 0.017840 0.995166 -0.096575 13.157000 0.011326 0.096383 0.995280 0.957400 0.000000 0.000000 0.000000 1.000000
0.999780 -0.018712 -0.009477 -0.023100 0.017711 0.995172 -0.096533 13.157000 0.011238 0.096344 0.995285 0.957400 0.000000 0.000000 0.000000 1.000000
0.999783 -0.018577 -0.009416 -0.023100 0.017583 0.995180 -0.096473 13.157000 0.011162 0.096286 0.995291 0.957400 0.000000 0.000000 0.000000 1.000000
0.999786 -0.018450 -0.009368 -0.023100 0.017462 0.995190 -0.096397 13.157000 0.011101 0.096213 0.995299 0.957400 0.000000 0.000000 0.000000 1.000000
0.999788 -0.018344 -0.009337 -0.023100 0.017361 0.995200 -0.096308 13.157000 0.011059 0.096125 0.995308 0.957400 0.000000 0.000000 0.000000 1.000000
0.999790 -0.018268 -0.009327 -0.023100 0.017287 0.995210 -0.096217 13.157000 0.011040 0.096036 0.995317 0.957400 0.000000 0.000000 0.000000 1.000000
0.999790 -0.018235 -0.009329 -0.023100 0.017255 0.995223 -0.096087 13.157000 0.011037 0.095906 0.995329 0.957400 0.000000 0.000000 0.000000 1.000000
0.999790 -0.018241 -0.009333 -0.023100 0.017262 0.995237 -0.095944 13.157000 0.011039 0.095762 0.995343 0.957400 0.000000 0.000000 0.000000 1.000000
0.999789 -0.018278 -0.009337 -0.023100 0.017300 0.995251 -0.095789 13.157000 0.011043 0.095607 0.995358 0.957400 0.000000 0.000000 0.000000 1.000000
0.999788 -0.018342 -0.009343 -0.023100 0.017366 0.995266 -0.095628 13.157000 0.011053 0.095446 0.995373 0.957400 0.000000 0.000000 0.000000 1.000000
0.999786 -0.018431 -0.009354 -0.023100 0.017455 0.995279 -0.095473 13.157000 0.011070 0.095289 0.995388 0.957400 0.000000 0.000000 0.000000 1.000000
0.999784 -0.018531 -0.009367 -0.023100 0.017555 0.995291 -0.095331 13.157000 0.011090 0.095146 0.995402 0.957400 0.000000 0.000000 0.000000 1.000000
0.999783 -0.018623 -0.009378 -0.023100 0.017647 0.995301 -0.095208 13.157000 0.011107 0.095021 0.995413 0.957400 0.000000 0.000000 0.000000 1.000000
0.999781 -0.018695 -0.009385 -0.023100 0.017718 0.995311 -0.095094 13.157000 0.011118 0.094906 0.995424 0.957400 0.000000 0.000000 0.000000 1.000000
0.999780 -0.018740 -0.009391 -0.023100 0.017764 0.995321 -0.094975 13.157000 0.011126 0.094788 0.995435 0.957400 0.000000 0.000000 0.000000 1.000000
0.999780 -0.018756 -0.009400 -0.023100 0.017781 0.995334 -0.094833 13.157000 0.011135 0.094645 0.995449 0.957400 0.000000 0.000000 0.000000 1.000000
0.999780 -0.018737 -0.009412 -0.023100 0.017763 0.995351 -0.094661 13.157000 0.011142 0.094473 0.995465 0.957400 0.000000 0.000000 0.000000 1.000000
0.999781 -0.018683 -0.009424 -0.023100 0.017710 0.995369 -0.094483 13.157000 0.011146 0.094296 0.995482 0.957400 0.000000 0.000000 0.000000 1.000000
0.999783 -0.018587 -0.009440 -0.023100 0.017614 0.995387 -0.094315 13.157000 0.011150 0.094128 0.995498 0.957400 0.000000 0.000000 0.000000 1.000000
0.999785 -0.018463 -0.009462 -0.023100 0.017491 0.995405 -0.094148 13.157000 0.011157 0.093962 0.995513 0.957400 0.000000 0.000000 0.000000 1.000000
0.999787 -0.018306 -0.009490 -0.023100 0.017334 0.995422 -0.093989 13.157000 0.011167 0.093804 0.995528 0.957400 0.000000 0.000000 0.000000 1.000000
0.999790 -0.018144 -0.009510 -0.023100 0.017172 0.995439 -0.093838 13.157000 0.011169 0.093655 0.995542 0.957400 0.000000 0.000000 0.000000 1.000000
0.999792 -0.018043 -0.009507 -0.023100 0.017074 0.995454 -0.093696 13.157000 0.011154 0.093514 0.995555 0.957400 0.000000 0.000000 0.000000 1.000000
0.999793 -0.017968 -0.009495 -0.023100 0.017002 0.995468 -0.093564 13.157000 0.011133 0.093383 0.995568 0.957400 0.000000 0.000000 0.000000 1.000000
0.999794 -0.017919 -0.009481 -0.023100 0.016956 0.995480 -0.093440 13.157000 0.011112 0.093260 0.995580 0.957400 0.000000 0.000000 0.000000 1.000000
0.999795 -0.017879 -0.009465 -0.023100 0.016919 0.995493 -0.093313 13.157000 0.011091 0.093134 0.995592 0.957400 0.000000 0.000000 0.000000 1.000000
0.999797 -0.017826 -0.009438 -0.023100 0.016870 0.995506 -0.093178 13.157000 0.011056 0.093000 0.995605 0.957400 0.000000 0.000000 0.000000 1.000000
