<?xml version="1.0" encoding="utf-8"?>
<COLLADA xmlns="http://www.collada.org/2005/11/COLLADASchema" version="1.4.1">
  <asset><contributor><author>Mixamo</author><authoring_tool>COLLADA Mixamo exporter</authoring_tool><comments></comments></contributor><created>2018-10-22T16:18:10Z</created><modified>2018-10-22T16:18:10Z</modified><revision></revision><title></title><unit meter="0.010000"/><up_axis>Y_UP</up_axis></asset>
  <library_animations>
    <animation id="Hips-anim" name="Hips"><source id="Hips-Matrix-animation-input"><float_array id="Hips-Matrix-animation-input-array" count="90">

0.000000 0.033333 0.066667 0.100000 0.133333 0.166667 0.200000 0.233333 0.266667 0.300000 0.333333 0.366667 0.400000 0.433333 0.466667 0.500000
0.533333 0.566667 0.600000 0.633333 0.666667 0.700000 0.733333 0.766667 0.800000 0.833333 0.866667 0.900000 0.933333 0.966667 1.000000 1.033333
1.066667 1.100000 1.133333 1.166667 1.200000 1.233333 1.266667 1.300000 1.333333 1.366667 1.400000 1.433333 1.466667 1.500000 1.533333 1.566667
1.600000 1.633333 1.666667 1.700000 1.733333 1.766667 1.800000 1.833333 1.866667 1.900000 1.933333 1.966667 2.000000 2.033333 2.066667 2.100000
2.133333 2.166667 2.200000 2.233333 2.266667 2.300000 2.333333 2.366667 2.400000 2.433333 2.466667 2.500000 2.533333 2.566667 2.600000 2.633333
2.666667 2.700000 2.733333 2.766667 2.800000 2.833333 2.866667 2.900000 2.933333 2.966667</float_array><technique_common><accessor source="#Hips-Matrix-animation-input-array" count="90"><param name="TIME" type="float"/></accessor></technique_common></source><source id="Hips-Matrix-animation-output-transform"><float_array id="Hips-Matrix-animation-output-transform-array" count="1440">

0.945790 -0.004711 -0.324745 0.745283 -0.061236 0.979375 -0.192549 97.564255 0.318954 0.201997 0.925994 -2.047043 0.000000 0.000000 0.000000 1.000000
0.957988 0.010582 -0.286612 0.457726 -0.042187 0.993649 -0.104321 97.924629 0.283688 0.112029 0.952350 -0.432073 0.000000 0.000000 0.000000 1.000000
0.975140 0.021971 -0.220498 0.130051 -0.010770 0.998596 0.051874 98.598160 0.221328 -0.048209 0.974007 2.214871 0.000000 0.000000 0.000000 1.000000
0.990831 0.017849 -0.133926 -0.129273 0.010077 0.978713 0.204987 99.181953 0.134734 -0.204457 0.969559 5.067467 0.000000 0.000000 0.000000 1.000000
0.998582 0.010530 -0.052188 -0.396706 0.006034 0.951544 0.307455 99.503662 0.052897 -0.307334 0.950131 7.561260 0.000000 0.000000 0.000000 1.000000
0.999943 0.000937 0.010614 -0.664915 -0.004782 0.929649 0.368416 99.709808 -0.009522 -0.368446 0.929601 9.688729 0.000000 0.000000 0.000000 1.000000
0.997883 -0.016894 0.062802 -0.819627 -0.010169 0.913263 0.407244 99.879730 -0.064235 -0.407020 0.911158 11.412711 0.000000 0.000000 0.000000 1.000000
0.992299 -0.034304 0.119022 -0.963647 -0.020972 0.900486 0.434379 99.840393 -0.122079 -0.433530 0.892832 12.539982 0.000000 0.000000 0.000000 1.000000
0.981911 -0.043976 0.184166 -1.227223 -0.045170 0.890167 0.453390 99.392952 -0.183877 -0.453507 0.872078 12.977514 0.000000 0.000000 0.000000 1.000000
0.964875 -0.051775 0.257558 -1.579174 -0.078464 0.878843 0.470615 98.512344 -0.250719 -0.474293 0.843911 12.825625 0.000000 0.000000 0.000000 1.000000
0.942409 -0.064375 0.328208 -1.975469 -0.111198 0.865174 0.488987 97.283035 -0.315436 -0.497322 0.808190 12.183114 0.000000 0.000000 0.000000 1.000000
0.924729 -0.083202 0.371422 -2.347385 -0.125192 0.855038 0.503227 95.829216 -0.359450 -0.511847 0.780262 11.088886 0.000000 0.000000 0.000000 1.000000
0.920014 -0.109306 0.376333 -2.482061 -0.108194 0.852142 0.512004 93.946709 -0.376654 -0.511768 0.772156 9.382124 0.000000 0.000000 0.000000 1.000000
0.927284 -0.139362 0.347451 -2.225949 -0.068080 0.849871 0.522575 92.101700 -0.368116 -0.508230 0.778584 6.930484 0.000000 0.000000 0.000000 1.000000
0.936616 -0.165216 0.308955 -1.785943 -0.025633 0.847155 0.530728 90.742737 -0.349417 -0.505008 0.789224 3.891995 0.000000 0.000000 0.000000 1.000000
0.940787 -0.182115 0.285926 -1.342486 0.004596 0.850220 0.526408 89.799225 -0.338967 -0.493924 0.800713 0.443559 0.000000 0.000000 0.000000 1.000000
0.942754 -0.190544 0.273694 -0.819468 0.024514 0.858072 0.512944 88.878380 -0.332588 -0.476871 0.813621 -3.333137 0.000000 0.000000 0.000000 1.000000
0.946882 -0.193126 0.257131 -0.172403 0.040713 0.865145 0.499867 87.899902 -0.318993 -0.462847 0.827053 -7.456903 0.000000 0.000000 0.000000 1.000000
0.954935 -0.189008 0.228857 0.406173 0.056247 0.872304 0.485718 86.874657 -0.291438 -0.450956 0.843625 -11.907317 0.000000 0.000000 0.000000 1.000000
0.962131 -0.187836 0.197537 0.705006 0.075287 0.879604 0.469712 85.852745 -0.261983 -0.437053 0.860436 -16.377222 0.000000 0.000000 0.000000 1.000000
0.965272 -0.197089 0.171479 0.708836 0.099117 0.883603 0.457625 84.890030 -0.241713 -0.424737 0.872453 -20.520081 0.000000 0.000000 0.000000 1.000000
0.967617 -0.201061 0.152615 0.558265 0.113858 0.887251 0.447015 84.080360 -0.225285 -0.415163 0.881412 -24.301397 0.000000 0.000000 0.000000 1.000000
0.973599 -0.179617 0.140866 0.480494 0.103424 0.897244 0.429251 83.345383 -0.203492 -0.403350 0.892132 -27.788383 0.000000 0.000000 0.000000 1.000000
0.982863 -0.127597 0.133040 0.473783 0.063788 0.912547 0.403968 82.520256 -0.172950 -0.388558 0.905047 -31.335310 0.000000 0.000000 0.000000 1.000000
0.987966 -0.061494 0.141919 0.473915 0.003927 0.927244 0.374437 81.430206 -0.154619 -0.369373 0.916328 -35.716263 0.000000 0.000000 0.000000 1.000000
0.981775 -0.005287 0.189974 0.509537 -0.057484 0.944528 0.323360 80.308502 -0.181145 -0.328388 0.927010 -41.180443 0.000000 0.000000 0.000000 1.000000
0.969456 0.034282 0.242856 0.130865 -0.099004 0.960625 0.259609 79.736145 -0.224393 -0.275723 0.934679 -47.287804 0.000000 0.000000 0.000000 1.000000
0.969811 0.066794 0.234530 -0.731216 -0.124041 0.963159 0.238619 80.046112 -0.209952 -0.260507 0.942368 -53.339066 0.000000 0.000000 0.000000 1.000000
0.984031 0.091272 0.152815 -1.207801 -0.127430 0.960652 0.246800 81.247833 -0.124276 -0.262332 0.956942 -58.452427 0.000000 0.000000 0.000000 1.000000
0.992445 0.113137 0.047476 -1.160239 -0.121291 0.963019 0.240588 82.498695 -0.018501 -0.244529 0.969466 -62.649422 0.000000 0.000000 0.000000 1.000000
0.990863 0.129472 -0.037791 -1.026950 -0.116800 0.963819 0.239606 82.972900 0.067446 -0.233003 0.970134 -66.047882 0.000000 0.000000 0.000000 1.000000
0.986414 0.135621 -0.092708 -1.187617 -0.107153 0.958917 0.262670 83.031288 0.124522 -0.249168 0.960422 -68.684845 0.000000 0.000000 0.000000 1.000000
0.982263 0.137009 -0.128016 -1.577451 -0.093800 0.950191 0.297219 82.993828 0.162361 -0.279939 0.946189 -70.754616 0.000000 0.000000 0.000000 1.000000
0.977618 0.144091 -0.153302 -1.976265 -0.086212 0.939036 0.332833 82.622414 0.191915 -0.312167 0.930441 -72.320885 0.000000 0.000000 0.000000 1.000000
0.973875 0.149167 -0.171221 -2.432197 -0.078219 0.928206 0.363752 81.986038 0.213188 -0.340857 0.915624 -73.265404 0.000000 0.000000 0.000000 1.000000
0.972387 0.129318 -0.194270 -3.115120 -0.047147 0.924126 0.379169 81.175148 0.228563 -0.359540 0.904704 -73.424767 0.000000 0.000000 0.000000 1.000000
0.966103 0.099589 -0.238175 -3.803154 0.001771 0.920018 0.391873 80.013680 0.258152 -0.379012 0.888655 -73.712486 0.000000 0.000000 0.000000 1.000000
0.953481 0.116041 -0.278225 -3.704840 0.022225 0.893371 0.448770 79.696075 0.300633 -0.434077 0.849233 -74.370186 0.000000 0.000000 0.000000 1.000000
0.949463 0.169397 -0.264244 -3.568268 0.000129 0.841656 0.540014 79.572311 0.313879 -0.512758 0.799099 -74.565308 0.000000 0.000000 0.000000 1.000000
0.959612 0.180592 -0.215711 -3.585407 -0.015934 0.800422 0.599226 79.703255 0.280874 -0.571587 0.770972 -74.506256 0.000000 0.000000 0.000000 1.000000
0.970631 0.147945 -0.189703 -3.858847 -0.001431 0.792087 0.610407 79.131691 0.240567 -0.592208 0.769036 -74.522423 0.000000 0.000000 0.000000 1.000000
0.972176 0.131280 -0.194010 -3.914174 0.021583 0.774489 0.632220 78.348343 0.233256 -0.618816 0.750106 -74.835991 0.000000 0.000000 0.000000 1.000000
0.966569 0.146375 -0.210520 -3.805837 0.039278 0.726824 0.685699 77.282814 0.253380 -0.671045 0.696776 -75.471725 0.000000 0.000000 0.000000 1.000000
0.961958 0.154595 -0.225250 -3.811589 0.062662 0.677660 0.732701 75.802094 0.265915 -0.718942 0.642193 -76.414322 0.000000 0.000000 0.000000 1.000000
0.961547 0.145040 -0.233218 -4.080973 0.089174 0.638286 0.764617 73.726852 0.259760 -0.756012 0.600808 -77.634933 0.000000 0.000000 0.000000 1.000000
0.960210 0.139575 -0.241899 -4.495803 0.115345 0.590635 0.798653 71.008972 0.254346 -0.794776 0.551034 -79.161926 0.000000 0.000000 0.000000 1.000000
0.953301 0.149301 -0.262540 -4.960925 0.145392 0.535063 0.832207 67.537231 0.264725 -0.831515 0.488369 -81.036575 0.000000 0.000000 0.000000 1.000000
0.939603 0.168381 -0.297984 -5.528197 0.185134 0.482233 0.856258 63.207523 0.287875 -0.859709 0.421934 -83.192055 0.000000 0.000000 0.000000 1.000000
0.919220 0.191522 -0.344026 -6.278161 0.234520 0.435528 0.869089 58.016052 0.316283 -0.879565 0.355431 -85.530090 0.000000 0.000000 0.000000 1.000000
0.895169 0.218527 -0.388482 -7.185192 0.283943 0.392259 0.874934 51.970818 0.343582 -0.893521 0.289088 -88.020592 0.000000 0.000000 0.000000 1.000000
0.869519 0.254184 -0.423471 -8.100187 0.327444 0.345209 0.879552 45.155880 0.369754 -0.903450 0.216935 -90.647316 0.000000 0.000000 0.000000 1.000000
0.845985 0.299777 -0.440957 -8.963754 0.360456 0.287868 0.887245 37.569019 0.392913 -0.909541 0.135476 -93.222511 0.000000 0.000000 0.000000 1.000000
0.826189 0.345622 -0.444923 -10.095913 0.389485 0.220223 0.894317 28.845707 0.407078 -0.912166 0.047331 -95.414246 0.000000 0.000000 0.000000 1.000000
0.805325 0.381132 -0.454082 -11.473036 0.438214 0.133162 0.888952 19.471916 0.399275 -0.914880 -0.059779 -97.547409 0.000000 0.000000 0.000000 1.000000
0.795149 0.409138 -0.447598 -12.551056 0.485769 0.012082 0.874004 12.803829 0.362996 -0.912393 -0.189139 -99.520477 0.000000 0.000000 0.000000 1.000000
0.806856 0.431307 -0.403679 -13.202043 0.480732 -0.082236 0.873003 12.615826 0.343335 -0.898449 -0.273696 -101.221397 0.000000 0.000000 0.000000 1.000000
0.799257 0.453076 -0.394854 -14.658838 0.483181 -0.093739 0.870488 15.846387 0.357384 -0.886530 -0.293840 -103.283195 0.000000 0.000000 0.000000 1.000000
0.744542 0.472915 -0.471178 -16.222408 0.570365 -0.083866 0.817099 18.394543 0.346902 -0.877108 -0.332176 -105.845680 0.000000 0.000000 0.000000 1.000000
0.678911 0.492752 -0.544312 -17.146774 0.664053 -0.095817 0.741520 20.399578 0.313231 -0.864878 -0.392265 -108.107315 0.000000 0.000000 0.000000 1.000000
0.644701 0.508295 -0.570960 -17.511061 0.700943 -0.095047 0.706856 21.793783 0.305023 -0.855922 -0.417563 -110.115318 0.000000 0.000000 0.000000 1.000000
0.637230 0.517577 -0.571009 -17.658596 0.698767 -0.075518 0.711352 22.100418 0.325058 -0.852297 -0.409788 -111.533188 0.000000 0.000000 0.000000 1.000000
0.648023 0.534699 -0.542369 -18.006552 0.674863 -0.073041 0.734319 21.855431 0.353024 -0.841880 -0.408181 -112.268127 0.000000 0.000000 0.000000 1.000000
0.669494 0.550897 -0.498287 -18.058844 0.642695 -0.093247 0.760426 21.229467 0.372453 -0.829348 -0.416487 -112.775711 0.000000 0.000000 0.000000 1.000000
0.690325 0.561244 -0.456571 -17.877895 0.613177 -0.118905 0.780945 20.119534 0.384012 -0.819065 -0.426225 -112.799110 0.000000 0.000000 0.000000 1.000000
0.712190 0.569249 -0.410780 -17.698280 0.575016 -0.137406 0.806521 18.757221 0.402668 -0.810601 -0.425187 -112.320175 0.000000 0.000000 0.000000 1.000000
0.731527 0.577146 -0.363001 -17.529928 0.525869 -0.138727 0.839176 17.679165 0.433969 -0.804771 -0.404986 -111.614792 0.000000 0.000000 0.000000 1.000000
0.737033 0.588672 -0.332035 -17.347496 0.487057 -0.122024 0.864804 17.257309 0.468570 -0.799109 -0.376652 -110.926689 0.000000 0.000000 0.000000 1.000000
0.731535 0.601153 -0.321670 -17.095949 0.467678 -0.099130 0.878323 17.313616 0.496119 -0.792962 -0.353663 -110.396240 0.000000 0.000000 0.000000 1.000000
0.721865 0.611409 -0.324176 -16.952866 0.463389 -0.079132 0.882615 17.449352 0.513986 -0.787348 -0.340442 -109.794350 0.000000 0.000000 0.000000 1.000000
0.708267 0.620765 -0.336167 -17.063875 0.470454 -0.060009 0.880382 17.637241 0.526337 -0.781696 -0.334544 -109.221214 0.000000 0.000000 0.000000 1.000000
0.690603 0.629745 -0.355653 -17.372938 0.484245 -0.037368 0.874134 17.877775 0.537191 -0.775903 -0.330757 -108.970764 0.000000 0.000000 0.000000 1.000000
0.672123 0.636718 -0.377943 -17.696098 0.499121 -0.012573 0.866441 18.045130 0.546927 -0.770994 -0.326250 -108.860512 0.000000 0.000000 0.000000 1.000000
0.655937 0.642194 -0.396653 -17.976879 0.511914 0.007697 0.859002 18.104130 0.554700 -0.766503 -0.323699 -108.822952 0.000000 0.000000 0.000000 1.000000
0.642788 0.647733 -0.408981 -18.335924 0.523480 0.018373 0.851840 18.095093 0.559279 -0.761646 -0.327265 -108.859825 0.000000 0.000000 0.000000 1.000000
0.632878 0.652622 -0.416593 -18.737322 0.534594 0.020880 0.844851 18.045403 0.560067 -0.757396 -0.335673 -108.944855 0.000000 0.000000 0.000000 1.000000
0.626956 0.655223 -0.421436 -19.057323 0.544099 0.018890 0.838808 17.989468 0.557568 -0.755199 -0.344663 -109.072868 0.000000 0.000000 0.000000 1.000000
0.625603 0.655600 -0.422860 -19.224783 0.550491 0.013100 0.834738 17.963463 0.552794 -0.754995 -0.352706 -109.225899 0.000000 0.000000 0.000000 1.000000
0.628859 0.654305 -0.420025 -19.231831 0.552681 0.003796 0.833384 17.974033 0.546881 -0.756221 -0.359235 -109.360229 0.000000 0.000000 0.000000 1.000000
0.635236 0.651999 -0.413972 -19.081287 0.550705 -0.006589 0.834674 17.989258 0.541479 -0.758191 -0.363245 -109.450142 0.000000 0.000000 0.000000 1.000000
0.642873 0.649396 -0.406200 -18.769466 0.545484 -0.015850 0.837971 17.963718 0.537737 -0.760285 -0.364425 -109.497948 0.000000 0.000000 0.000000 1.000000
0.651623 0.646195 -0.397266 -18.371737 0.537437 -0.023712 0.842971 17.880432 0.535303 -0.762804 -0.362740 -109.504181 0.000000 0.000000 0.000000 1.000000
0.661505 0.642495 -0.386797 -18.035616 0.526783 -0.030989 0.849435 17.767267 0.533771 -0.765663 -0.358955 -109.461349 0.000000 0.000000 0.000000 1.000000
0.670736 0.639495 -0.375711 -17.796835 0.515372 -0.037554 0.856143 17.671827 0.533390 -0.767877 -0.354767 -109.388397 0.000000 0.000000 0.000000 1.000000
0.677448 0.637910 -0.366245 -17.595264 0.505732 -0.042376 0.861649 17.633217 0.534135 -0.768944 -0.351319 -109.319527 0.000000 0.000000 0.000000 1.000000
0.680936 0.637393 -0.360633 -17.446758 0.499774 -0.044496 0.865012 17.624790 0.535307 -0.769253 -0.348851 -109.269279 0.000000 0.000000 0.000000 1.000000
0.680981 0.637732 -0.359948 -17.393314 0.498499 -0.043637 0.865791 17.629774 0.536435 -0.769021 -0.347625 -109.248512 0.000000 0.000000 0.000000 1.000000
0.677776 0.639081 -0.363587 -17.429918 0.501563 -0.040280 0.864183 17.639896 0.537638 -0.768084 -0.347840 -109.262054 0.000000 0.000000 0.000000 1.000000
0.672316 0.641298 -0.369767 -17.533726 0.507380 -0.035480 0.860992 17.651173 0.539032 -0.766471 -0.349236 -109.307487 0.000000 0.000000 0.000000 1.000000
0.665841 0.643868 -0.376947 -17.681044 0.514272 -0.030039 0.857101 17.663111 0.540537 -0.764546 -0.351125 -109.369949 0.000000 0.000000 0.000000 1.000000
0.659309 0.646311 -0.384180 -17.843832 0.521065 -0.024405 0.853168 17.673218 0.542035 -0.762684 -0.352861 -109.432114 0.000000 0.000000 0.000000 1.000000</float_array><technique_common><accessor source="#Hips-Matrix-animation-output-transform-array" count="90" stride="16"><param type="float4x4"/></accessor></technique_common></source><source id="Hips-Interpolations"><Name_array id="Hips-Interpolations-array" count="90">
 LINEAR LINEAR LINEAR LINEAR LINEAR LINEAR LINEAR LINEAR LINEAR LINEAR LINEAR
LINEAR LINEAR LINEAR LINEAR LINEAR LINEAR LINEAR LINEAR LINEAR LINEAR LINEAR LINEAR
LINEAR LINEAR LINEAR LINEAR LINEAR LINEAR LINEAR LINEAR LINEAR LINEAR LINEAR LINEAR
LINEAR LINEAR LINEAR LINEAR LINEAR LINEAR LINEAR LINEAR LINEAR LINEAR LINEAR LINEAR
LINEAR LINEAR LINEAR LINEAR LINEAR LINEAR LINEAR LINEAR LINEAR LINEAR LINEAR LINEAR
LINEAR LINEAR LINEAR LINEAR LINEAR LINEAR LINEAR LINEAR LINEAR LINEAR LINEAR LINEAR
LINEAR LINEAR LINEAR LINEAR LINEAR LINEAR LINEAR LINEAR LINEAR LINEAR LINEAR LINEAR
LINEAR LINEAR LINEAR LINEAR LINEAR LINEAR LINEAR</Name_array><technique_common><accessor source="#Hips-Interpolations-array" count="90"><param type="name"/></accessor></technique_common></source><sampler id="Hips-Matrix-animation-transform"><input semantic="INPUT" source="#Hips-Matrix-animation-input"/><input semantic="OUTPUT" source="#Hips-Matrix-animation-output-transform"/><input semantic="INTERPOLATION" source="#Hips-Interpolations"/></sampler><channel source="#Hips-Matrix-animation-transform" target="Hips/matrix"/></animation>
    <animation id="Spine-anim" name="Spine"><source id="Spine-Matrix-animation-input"><float_array id="Spine-Matrix-animation-input-array" count="90">

0.000000 0.033333 0.066667 0.100000 0.133333 0.166667 0.200000 0.233333 0.266667 0.300000 0.333333 0.366667 0.400000 0.433333 0.466667 0.500000
0.533333 0.566667 0.600000 0.633333 0.666667 0.700000 0.733333 0.766667 0.800000 0.833333 0.866667 0.900000 0.933333 0.966667 1.000000 1.033333
1.066667 1.100000 1.133333 1.166667 1.200000 1.233333 1.266667 1.300000 1.333333 1.366667 1.400000 1.433333 1.466667 1.500000 1.533333 1.566667
1.600000 1.633333 1.666667 1.700000 1.733333 1.766667 1.800000 1.833333 1.866667 1.900000 1.933333 1.966667 2.000000 2.033333 2.066667 2.100000
2.133333 2.166667 2.200000 2.233333 2.266667 2.300000 2.333333 2.366667 2.400000 2.433333 2.466667 2.500000 2.533333 2.566667 2.600000 2.633333
2.666667 2.700000 2.733333 2.766667 2.800000 2.833333 2.866667 2.900000 2.933333 2.966667</float_array><technique_common><accessor source="#Spine-Matrix-animation-input-array" count="90"><param name="TIME" type="float"/></accessor></technique_common></source><source id="Spine-Matrix-animation-output-transform"><float_array id="Spine-Matrix-animation-output-transform-array" count="1440">

0.999401 -0.033214 -0.009692 -0.023100 0.032781 0.998588 -0.041811 13.157000 0.011067 0.041468 0.999079 0.957400 0.000000 0.000000 0.000000 1.000000
0.999561 -0.028319 -0.008750 -0.023100 0.028236 0.999556 -0.009501 13.157000 0.009015 0.009250 0.999917 0.957400 0.000000 0.000000 0.000000 1.000000
0.999668 -0.021576 -0.014056 -0.023100 0.021740 0.999695 0.011688 13.157000 0.013799 -0.011990 0.999833 0.957400 0.000000 0.000000 0.000000 1.000000
0.999651 -0.014299 -0.022227 -0.023100 0.014968 0.999431 0.030223 13.157000 0.021782 -0.030545 0.999296 0.957400 0.000000 0.000000 0.000000 1.000000
0.999795 -0.010449 -0.017347 -0.023100 0.011449 0.998220 0.058538 13.157000 0.016704 -0.058725 0.998134 0.957400 0.000000 0.000000 0.000000 1.000000
0.999884 -0.006977 0.013563 -0.023100 0.005697 0.995723 0.092216 13.157000 -0.014149 -0.092128 0.995647 0.957400 0.000000 0.000000 0.000000 1.000000
0.997663 0.005650 0.068092 -0.023100 -0.013639 0.992986 0.117441 13.157000 -0.066950 -0.118095 0.990743 0.957400 0.000000 0.000000 0.000000 1.000000
0.990972 0.031131 0.130405 -0.023100 -0.048260 0.990296 0.130326 13.157000 -0.125082 -0.135442 0.982858 0.957400 0.000000 0.000000 0.000000 1.000000
0.981738 0.062950 0.179519 -0.023100 -0.088251 0.986683 0.136630 13.157000 -0.168527 -0.149978 0.974220 0.957400 0.000000 0.000000 0.000000 1.000000
0.975019 0.092456 0.201963 -0.023100 -0.122092 0.982655 0.139579 13.157000 -0.185555 -0.160751 0.969396 0.957400 0.000000 0.000000 0.000000 1.000000
0.972994 0.114286 0.200552 -0.023100 -0.143739 0.979803 0.139016 13.157000 -0.180614 -0.164089 0.969770 0.957400 0.000000 0.000000 0.000000 1.000000
0.974778 0.123337 0.186001 -0.023100 -0.149790 0.979377 0.135583 13.157000 -0.165443 -0.160024 0.973150 0.957400 0.000000 0.000000 0.000000 1.000000
0.980052 0.113161 0.163380 -0.023100 -0.134250 0.983110 0.124389 13.157000 -0.146545 -0.143841 0.978690 0.957400 0.000000 0.000000 0.000000 1.000000
0.986915 0.083452 0.137967 -0.023100 -0.097396 0.990448 0.097608 13.157000 -0.128503 -0.109768 0.985616 0.957400 0.000000 0.000000 0.000000 1.000000
0.991325 0.046932 0.122771 -0.023100 -0.054485 0.996776 0.058905 13.157000 -0.119611 -0.065083 0.990685 0.957400 0.000000 0.000000 0.000000 1.000000
0.992241 0.016499 0.123232 -0.023100 -0.019083 0.999621 0.019823 13.157000 -0.122858 -0.022021 0.992180 0.957400 0.000000 0.000000 0.000000 1.000000
0.991742 -0.011525 0.127727 -0.023100 0.014112 0.999713 -0.019367 13.157000 -0.127467 0.021010 0.991620 0.957400 0.000000 0.000000 0.000000 1.000000
0.990942 -0.044230 0.126800 -0.023100 0.052944 0.996401 -0.066197 13.157000 -0.123416 0.072311 0.989717 0.957400 0.000000 0.000000 0.000000 1.000000
0.989495 -0.069196 0.126930 -0.023100 0.084287 0.989471 -0.117657 13.157000 -0.117452 0.127120 0.984909 0.957400 0.000000 0.000000 0.000000 1.000000
0.989052 -0.061721 0.134040 -0.023100 0.083245 0.983365 -0.161440 13.157000 -0.121846 0.170831 0.977737 0.957400 0.000000 0.000000 0.000000 1.000000
0.989805 -0.017582 0.141342 -0.023100 0.044216 0.981254 -0.187577 13.157000 -0.135395 0.191915 0.972027 0.957400 0.000000 0.000000 0.000000 1.000000
0.989886 0.033267 0.137912 -0.023100 -0.006956 0.982330 -0.187027 13.157000 -0.141697 0.184176 0.972626 0.957400 0.000000 0.000000 0.000000 1.000000
0.991605 0.057813 0.115661 -0.023100 -0.039015 0.986564 -0.158647 13.157000 -0.123279 0.152803 0.980537 0.957400 0.000000 0.000000 0.000000 1.000000
0.996336 0.053118 0.067024 -0.023100 -0.044587 0.991415 -0.122913 13.157000 -0.072977 0.119474 0.990152 0.957400 0.000000 0.000000 0.000000 1.000000
0.999109 0.039981 -0.013482 -0.023100 -0.041157 0.993859 -0.102711 13.157000 0.009293 0.103175 0.994620 0.957400 0.000000 0.000000 0.000000 1.000000
0.992866 0.036569 -0.113489 -0.023100 -0.048958 0.992904 -0.108376 13.157000 0.108720 0.113159 0.987611 0.957400 0.000000 0.000000 0.000000 1.000000
0.981393 0.054062 -0.184243 -0.023100 -0.082707 0.984986 -0.151531 13.157000 0.173285 0.163950 0.971130 0.957400 0.000000 0.000000 0.000000 1.000000
0.977684 0.084682 -0.192260 -0.023100 -0.128293 0.965360 -0.227201 13.157000 0.166360 0.246797 0.954681 0.957400 0.000000 0.000000 0.000000 1.000000
0.979135 0.126972 -0.158662 -0.023100 -0.169186 0.941846 -0.290348 13.157000 0.112569 0.311133 0.943676 0.957400 0.000000 0.000000 0.000000 1.000000
0.979604 0.153296 -0.129910 -0.023100 -0.187250 0.930969 -0.313422 13.157000 0.072896 0.331355 0.940686 0.957400 0.000000 0.000000 0.000000 1.000000
0.981602 0.152875 -0.114398 -0.023100 -0.182171 0.929302 -0.321265 13.157000 0.057197 0.336194 0.940054 0.957400 0.000000 0.000000 0.000000 1.000000
0.985329 0.142368 -0.094114 -0.023100 -0.165931 0.928136 -0.333211 13.157000 0.039912 0.343939 0.938143 0.957400 0.000000 0.000000 0.000000 1.000000
0.989819 0.123030 -0.071569 -0.023100 -0.140030 0.931828 -0.334796 13.157000 0.025500 0.341410 0.939569 0.957400 0.000000 0.000000 0.000000 1.000000
0.994417 0.081396 -0.067147 -0.023100 -0.098403 0.945080 -0.311673 13.157000 0.038090 0.316540 0.947814 0.957400 0.000000 0.000000 0.000000 1.000000
0.995649 0.035730 -0.086065 -0.023100 -0.056659 0.965360 -0.254695 13.157000 0.073983 0.258463 0.963184 0.957400 0.000000 0.000000 0.000000 1.000000
0.994101 0.023505 -0.105882 -0.023100 -0.040722 0.985702 -0.163504 13.157000 0.100525 0.166851 0.980844 0.957400 0.000000 0.000000 0.000000 1.000000
0.993817 0.024209 -0.108357 -0.023100 -0.033648 0.995713 -0.086154 13.157000 0.105807 0.089268 0.990372 0.957400 0.000000 0.000000 0.000000 1.000000
0.992483 -0.009623 -0.122000 -0.023100 0.000532 0.997233 -0.074336 13.157000 0.122377 0.073713 0.989742 0.957400 0.000000 0.000000 0.000000 1.000000
0.982255 -0.069628 -0.174146 -0.023100 0.054159 0.994280 -0.092058 13.157000 0.179559 0.080993 0.980407 0.957400 0.000000 0.000000 0.000000 1.000000
0.965433 -0.091715 -0.243982 -0.023100 0.080156 0.995156 -0.056911 13.157000 0.248019 0.035387 0.968109 0.957400 0.000000 0.000000 0.000000 1.000000
0.953711 -0.066187 -0.293349 -0.023100 0.079598 0.996247 0.034002 13.157000 0.289998 -0.055778 0.955401 0.957400 0.000000 0.000000 0.000000 1.000000
0.946735 -0.053220 -0.317585 -0.023100 0.089020 0.991068 0.099292 13.157000 0.309465 -0.122274 0.943017 0.957400 0.000000 0.000000 0.000000 1.000000
0.939700 -0.070456 -0.334663 -0.023100 0.114198 0.987027 0.112859 13.157000 0.322369 -0.144272 0.935555 0.957400 0.000000 0.000000 0.000000 1.000000
0.934887 -0.080520 -0.345692 -0.023100 0.131387 0.983253 0.126297 13.157000 0.329733 -0.163493 0.929810 0.957400 0.000000 0.000000 0.000000 1.000000
0.934954 -0.066659 -0.348449 -0.023100 0.130284 0.978075 0.162467 13.157000 0.329980 -0.197297 0.923140 0.957400 0.000000 0.000000 0.000000 1.000000
0.938028 -0.049117 -0.343062 -0.023100 0.121368 0.973775 0.192437 13.157000 0.324614 -0.222148 0.919389 0.957400 0.000000 0.000000 0.000000 1.000000
0.942567 -0.043999 -0.331107 -0.023100 0.115855 0.972812 0.200536 13.157000 0.313281 -0.227379 0.922038 0.957400 0.000000 0.000000 0.000000 1.000000
0.948645 -0.047287 -0.312788 -0.023100 0.114423 0.973109 0.199917 13.157000 0.294923 -0.225440 0.928546 0.957400 0.000000 0.000000 0.000000 1.000000
0.955333 -0.051065 -0.291085 -0.023100 0.113310 0.972977 0.201190 13.157000 0.272945 -0.225186 0.935303 0.957400 0.000000 0.000000 0.000000 1.000000
0.961042 -0.054795 -0.270917 -0.023100 0.111982 0.973297 0.200381 13.157000 0.252703 -0.222913 0.941515 0.957400 0.000000 0.000000 0.000000 1.000000
0.966327 -0.063060 -0.249470 -0.023100 0.111840 0.976071 0.186485 13.157000 0.231741 -0.208106 0.950257 0.957400 0.000000 0.000000 0.000000 1.000000
0.973094 -0.074862 -0.217907 -0.023100 0.109430 0.982434 0.151160 13.157000 0.202763 -0.170938 0.964193 0.957400 0.000000 0.000000 0.000000 1.000000
0.981236 -0.077141 -0.176707 -0.023100 0.094617 0.991189 0.092696 13.157000 0.167999 -0.107676 0.979889 0.957400 0.000000 0.000000 0.000000 1.000000
0.989591 -0.064083 -0.128855 -0.023100 0.065880 0.997780 0.009727 13.157000 0.127946 -0.018115 0.991616 0.957400 0.000000 0.000000 0.000000 1.000000
0.997376 -0.048959 -0.053331 -0.023100 0.044355 0.995451 -0.084323 13.157000 0.057216 0.081736 0.995010 0.957400 0.000000 0.000000 0.000000 1.000000
0.998130 -0.026030 0.055306 -0.023100 0.033336 0.990206 -0.135578 13.157000 -0.051235 0.137168 0.989222 0.957400 0.000000 0.000000 0.000000 1.000000
0.989525 0.010037 0.144012 -0.023100 0.005014 0.994588 -0.103772 13.157000 -0.144274 0.103407 0.984120 0.957400 0.000000 0.000000 0.000000 1.000000
0.981322 0.034691 0.189220 -0.023100 -0.030065 0.999176 -0.027265 13.157000 -0.190010 0.021067 0.981556 0.957400 0.000000 0.000000 0.000000 1.000000
0.975511 0.025197 0.218505 -0.023100 -0.033648 0.998819 0.035041 13.157000 -0.217364 -0.041535 0.975207 0.957400 0.000000 0.000000 0.000000 1.000000
0.970244 -0.009591 0.241939 -0.023100 -0.008020 0.997394 0.071699 13.157000 -0.241996 -0.071506 0.967639 0.957400 0.000000 0.000000 0.000000 1.000000
0.968840 -0.031832 0.245633 -0.023100 0.012203 0.996638 0.081023 13.157000 -0.247386 -0.075500 0.965971 0.957400 0.000000 0.000000 0.000000 1.000000
0.971273 -0.027063 0.236424 -0.023100 0.014374 0.998370 0.055233 13.157000 -0.237534 -0.050248 0.970079 0.957400 0.000000 0.000000 0.000000 1.000000
0.972108 -0.010756 0.234288 -0.023100 0.009267 0.999929 0.007457 13.157000 -0.234351 -0.005078 0.972139 0.957400 0.000000 0.000000 0.000000 1.000000
0.969813 0.005852 0.243780 -0.023100 0.004691 0.999079 -0.042644 13.157000 -0.243805 0.042501 0.968893 0.957400 0.000000 0.000000 0.000000 1.000000
0.968355 0.014891 0.249130 -0.023100 0.005941 0.996560 -0.082660 13.157000 -0.249504 0.081524 0.964936 0.957400 0.000000 0.000000 0.000000 1.000000
0.969931 0.009724 0.243187 -0.023100 0.015510 0.994701 -0.101637 13.157000 -0.242886 0.102353 0.964640 0.957400 0.000000 0.000000 0.000000 1.000000
0.971434 -0.008360 0.237161 -0.023100 0.031807 0.994949 -0.095212 13.157000 -0.235167 0.100035 0.966793 0.957400 0.000000 0.000000 0.000000 1.000000
0.971066 -0.031380 0.236742 -0.023100 0.050283 0.995972 -0.074235 13.157000 -0.233459 0.083991 0.968732 0.957400 0.000000 0.000000 0.000000 1.000000
0.970305 -0.053458 0.235905 -0.023100 0.067595 0.996344 -0.052248 13.157000 -0.232250 0.066643 0.970370 0.957400 0.000000 0.000000 0.000000 1.000000
0.970368 -0.073264 0.230259 -0.023100 0.082401 0.996138 -0.030303 13.157000 -0.227150 0.048379 0.972657 0.957400 0.000000 0.000000 0.000000 1.000000
0.971020 -0.091677 0.220714 -0.023100 0.095002 0.995467 -0.004474 13.157000 -0.219303 0.025312 0.975328 0.957400 0.000000 0.000000 0.000000 1.000000
0.971681 -0.108465 0.209932 -0.023100 0.106323 0.994099 0.021498 13.157000 -0.211025 0.001431 0.977480 0.957400 0.000000 0.000000 0.000000 1.000000
0.971998 -0.120832 0.201545 -0.023100 0.115144 0.992553 0.039753 13.157000 -0.204848 -0.015433 0.978672 0.957400 0.000000 0.000000 0.000000 1.000000
0.971891 -0.125357 0.199283 -0.023100 0.118226 0.991858 0.047337 13.157000 -0.203594 -0.022447 0.978798 0.957400 0.000000 0.000000 0.000000 1.000000
0.971443 -0.122887 0.202973 -0.023100 0.115579 0.992161 0.047522 13.157000 -0.207222 -0.022706 0.978030 0.957400 0.000000 0.000000 0.000000 1.000000
0.970874 -0.118106 0.208457 -0.023100 0.111140 0.992792 0.044863 13.157000 -0.212253 -0.020389 0.977002 0.957400 0.000000 0.000000 0.000000 1.000000
0.970357 -0.113691 0.213266 -0.023100 0.107277 0.993365 0.041445 13.157000 -0.216563 -0.017338 0.976115 0.957400 0.000000 0.000000 0.000000 1.000000
0.969482 -0.109239 0.219481 -0.023100 0.103536 0.993924 0.037358 13.157000 -0.222229 -0.013493 0.974901 0.957400 0.000000 0.000000 0.000000 1.000000
0.967734 -0.105445 0.228850 -0.023100 0.100787 0.994394 0.031982 13.157000 -0.230940 -0.007885 0.972936 0.957400 0.000000 0.000000 0.000000 1.000000
0.965722 -0.103382 0.238102 -0.023100 0.100440 0.994642 0.024487 13.157000 -0.239358 0.000267 0.970931 0.957400 0.000000 0.000000 0.000000 1.000000
0.965032 -0.101408 0.241722 -0.023100 0.100783 0.994796 0.014981 13.157000 -0.241983 0.009904 0.970230 0.957400 0.000000 0.000000 0.000000 1.000000
0.966167 -0.097875 0.238626 -0.023100 0.099544 0.995020 0.005077 13.157000 -0.237935 0.018848 0.971098 0.957400 0.000000 0.000000 0.000000 1.000000
0.967696 -0.094344 0.233803 -0.023100 0.097783 0.995203 -0.003132 13.157000 -0.232386 0.025892 0.972279 0.957400 0.000000 0.000000 0.000000 1.000000
0.968271 -0.093004 0.231953 -0.023100 0.097588 0.995192 -0.008344 13.157000 -0.230062 0.030715 0.972691 0.957400 0.000000 0.000000 0.000000 1.000000
0.968030 -0.093769 0.232648 -0.023100 0.098840 0.995051 -0.010210 13.157000 -0.230540 0.032878 0.972507 0.957400 0.000000 0.000000 0.000000 1.000000
0.967958 -0.095667 0.232174 -0.023100 0.100522 0.994893 -0.009145 13.157000 -0.230114 0.032191 0.972631 0.957400 0.000000 0.000000 0.000000 1.000000
0.968292 -0.098299 0.229669 -0.023100 0.102397 0.994726 -0.005962 13.157000 -0.227872 0.029291 0.973250 0.957400 0.000000 0.000000 0.000000 1.000000
0.968072 -0.101354 0.229268 -0.023100 0.104430 0.994531 -0.001290 13.157000 -0.227884 0.025191 0.973362 0.957400 0.000000 0.000000 0.000000 1.000000
0.966712 -0.104464 0.233572 -0.023100 0.106384 0.994315 0.004398 13.157000 -0.232704 0.020596 0.972329 0.957400 0.000000 0.000000 0.000000 1.000000
0.964771 -0.107489 0.240132 -0.023100 0.108136 0.994080 0.010520 13.157000 -0.239841 0.015817 0.970683 0.957400 0.000000 0.000000 0.000000 1.000000</float_array><technique_common><accessor source="#Spine-Matrix-animation-output-transform-array" count="90" stride="16"><param type="float4x4"/></accessor></technique_common></source><source id="Spine-Interpolations"><Name_array id="Spine-Interpolations-array" count="90">
 LINEAR LINEAR LINEAR LINEAR LINEAR LINEAR LINEAR LINEAR LINEAR LINEAR LINEAR
LINEAR LINEAR LINEAR LINEAR LINEAR LINEAR LINEAR LINEAR LINEAR LINEAR LINEAR LINEAR
LINEAR LINEAR LINEAR LINEAR LINEAR LINEAR LINEAR LINEAR LINEAR LINEAR LINEAR LINEAR
LINEAR LINEAR LINEAR LINEAR LINEAR LINEAR LINEAR LINEAR LINEAR LINEAR LINEAR LINEAR
LINEAR LINEAR LINEAR LINEAR LINEAR LINEAR LINEAR LINEAR LINEAR LINEAR LINEAR LINEAR
LINEAR LINEAR LINEAR LINEAR LINEAR LINEAR LINEAR LINEAR LINEAR LINEAR LINEAR LINEAR
LINEAR LINEAR LINEAR LINEAR LINEAR LINEAR LINEAR LINEAR LINEAR LINEAR LINEAR LINEAR
LINEAR LINEAR LINEAR LINEAR LINEAR LINEAR LINEAR</Name_array><technique_common><accessor source="#Spine-Interpolations-array" count="90"><param type="name"/></accessor></technique_common></source><sampler id="Spine-Matrix-animation-transform"><input semantic="INPUT" source="#Spine-Matrix-animation-input"/><input semantic="OUTPUT" source="#Spine-Matrix-animation-output-transform"/><input semantic="INTERPOLATION" source="#Spine-Interpolations"/></sampler><channel source="#Spine-Matrix-animation-transform" target="Spine/matrix"/></animation>
    <animation id="Spine1-anim" name="Spine1"><source id="Spine1-Matrix-animation-input"><float_array id="Spine1-Matrix-animation-input-array" count="90">

0.000000 0.033333 0.066667 0.100000 0.133333 0.166667 0.200000 0.233333 0.266667 0.300000 0.333333 0.366667 0.400000 0.433333 0.466667 0.500000
0.533333 0.566667 0.600000 0.633333 0.666667 0.700000 0.733333 0.766667 0.800000 0.833333 0.866667 0.900000 0.933333 0.966667 1.000000 1.033333
1.066667 1.100000 1.133333 1.166667 1.200000 1.233333 1.266667 1.300000 1.333333 1.366667 1.400000 1.433333 1.466667 1.500000 1.533333 1.566667
1.600000 1.633333 1.666667 1.700000 1.733333 1.766667 1.800000 1.833333 1.866667 1.900000 1.933333 1.966667 2.000000 2.033333 2.066667 2.100000
2.133333 2.166667 2.200000 2.233333 2.266667 2.300000 2.333333 2.366667 2.400000 2.433333 2.466667 2.500000 2.533333 2.566667 2.600000 2.633333
2.666667 2.700000 2.733333 2.766667 2.800000 2.833333 2.866667 2.900000 2.933333 2.966667</float_array><technique_common><accessor source="#Spine1-Matrix-animation-input-array" count="90"><param name="TIME" type="float"/></accessor></technique_common></source><source id="Spine1-Matrix-animation-output-transform"><float_array id="Spine1-Matrix-animation-output-transform-array" count="1440">

0.999458 -0.025778 -0.020474 -0.026900 0.022904 0.991252 -0.129983 9.893700 0.023645 0.129444 0.991305 0.057400 0.000000 0.000000 0.000000 1.000000
0.999497 -0.025718 -0.018582 -0.026900 0.023293 0.992419 -0.120674 9.893700 0.021544 0.120181 0.992518 0.057400 0.000000 0.000000 0.000000 1.000000
0.999560 -0.022917 -0.018819 -0.026900 0.020724 0.993779 -0.109429 9.893700 0.021209 0.108991 0.993816 0.057400 0.000000 0.000000 0.000000 1.000000
0.999637 -0.017941 -0.020092 -0.026900 0.015906 0.995137 -0.097210 9.893700 0.021738 0.096855 0.995061 0.057400 0.000000 0.000000 0.000000 1.000000
0.999750 -0.013882 -0.017505 -0.026900 0.012372 0.996423 -0.083594 9.893700 0.018603 0.083357 0.996346 0.057400 0.000000 0.000000 0.000000 1.000000
0.999914 -0.010846 -0.007399 -0.026900 0.010308 0.997545 -0.069263 9.893700 0.008132 0.069180 0.997571 0.057400 0.000000 0.000000 0.000000 1.000000
0.999949 -0.004846 0.008817 -0.026900 0.005339 0.998377 -0.056704 9.893700 -0.008528 0.056748 0.998352 0.057400 0.000000 0.000000 0.000000 1.000000
0.999636 0.005772 0.026348 -0.026900 -0.004542 0.998907 -0.046511 9.893700 -0.026588 0.046375 0.998570 0.057400 0.000000 0.000000 0.000000 1.000000
0.999052 0.017298 0.039939 -0.026900 -0.015805 0.999175 -0.037408 9.893700 -0.040553 0.036742 0.998502 0.057400 0.000000 0.000000 0.000000 1.000000
0.998601 0.025050 0.046574 -0.026900 -0.023696 0.999287 -0.029407 9.893700 -0.047277 0.028263 0.998482 0.057400 0.000000 0.000000 0.000000 1.000000
0.998494 0.027470 0.047479 -0.026900 -0.026398 0.999386 -0.023054 9.893700 -0.048083 0.021766 0.998606 0.057400 0.000000 0.000000 0.000000 1.000000
0.998615 0.026051 0.045702 -0.026900 -0.025304 0.999538 -0.016832 9.893700 -0.046119 0.015652 0.998813 0.057400 0.000000 0.000000 0.000000 1.000000
0.998858 0.022239 0.042285 -0.026900 -0.021824 0.999709 -0.010245 9.893700 -0.042501 0.009311 0.999053 0.057400 0.000000 0.000000 0.000000 1.000000
0.999173 0.015415 0.037624 -0.026900 -0.015140 0.999857 -0.007574 9.893700 -0.037736 0.006998 0.999263 0.057400 0.000000 0.000000 0.000000 1.000000
0.999385 0.006112 0.034519 -0.026900 -0.005726 0.999920 -0.011262 9.893700 -0.034585 0.011058 0.999341 0.057400 0.000000 0.000000 0.000000 1.000000
0.999385 -0.002336 0.034974 -0.026900 0.002969 0.999833 -0.018056 9.893700 -0.034926 0.018149 0.999225 0.057400 0.000000 0.000000 0.000000 1.000000
0.999309 -0.007819 0.036337 -0.026900 0.008739 0.999643 -0.025241 9.893700 -0.036127 0.025541 0.999021 0.057400 0.000000 0.000000 0.000000 1.000000
0.999297 -0.011259 0.035746 -0.026900 0.012421 0.999396 -0.032450 9.893700 -0.035359 0.032871 0.998834 0.057400 0.000000 0.000000 0.000000 1.000000
0.999307 -0.013131 0.034843 -0.026900 0.014492 0.999130 -0.039113 9.893700 -0.034299 0.039591 0.998627 0.057400 0.000000 0.000000 0.000000 1.000000
0.999282 -0.010954 0.036278 -0.026900 0.012572 0.998922 -0.044684 9.893700 -0.035749 0.045108 0.998342 0.057400 0.000000 0.000000 0.000000 1.000000
0.999234 -0.002741 0.039044 -0.026900 0.004640 0.998806 -0.048637 9.893700 -0.038864 0.048781 0.998053 0.057400 0.000000 0.000000 0.000000 1.000000
0.999193 0.008935 0.039152 -0.026900 -0.006998 0.998758 -0.049331 9.893700 -0.039544 0.049018 0.998015 0.057400 0.000000 0.000000 0.000000 1.000000
0.999279 0.019139 0.032801 -0.026900 -0.017592 0.998749 -0.046814 9.893700 -0.033656 0.046203 0.998365 0.057400 0.000000 0.000000 0.000000 1.000000
0.999533 0.024527 0.018251 -0.026900 -0.023689 0.998715 -0.044813 9.893700 -0.019327 0.044359 0.998829 0.057400 0.000000 0.000000 0.000000 1.000000
0.999711 0.023646 -0.004444 -0.026900 -0.023823 0.998694 -0.045191 9.893700 0.003370 0.045283 0.998969 0.057400 0.000000 0.000000 0.000000 1.000000
0.999344 0.018182 -0.031329 -0.026900 -0.019616 0.998746 -0.046065 9.893700 0.030452 0.046650 0.998447 0.057400 0.000000 0.000000 0.000000 1.000000
0.998617 0.014326 -0.050589 -0.026900 -0.016857 0.998609 -0.049963 9.893700 0.049802 0.050746 0.997469 0.057400 0.000000 0.000000 0.000000 1.000000
0.998532 0.016928 -0.051447 -0.026900 -0.020093 0.997896 -0.061636 9.893700 0.050295 0.062579 0.996772 0.057400 0.000000 0.000000 0.000000 1.000000
0.998922 0.023146 -0.040248 -0.026900 -0.026140 0.996802 -0.075514 9.893700 0.038372 0.076485 0.996332 0.057400 0.000000 0.000000 0.000000 1.000000
0.999171 0.025760 -0.031536 -0.026900 -0.028268 0.996243 -0.081863 9.893700 0.029308 0.082687 0.996145 0.057400 0.000000 0.000000 0.000000 1.000000
0.999373 0.022282 -0.027521 -0.026900 -0.024489 0.996279 -0.082631 9.893700 0.025578 0.083253 0.996200 0.057400 0.000000 0.000000 0.000000 1.000000
0.999619 0.015818 -0.022626 -0.026900 -0.017689 0.996222 -0.085018 9.893700 0.021195 0.085386 0.996122 0.057400 0.000000 0.000000 0.000000 1.000000
0.999801 0.009306 -0.017627 -0.026900 -0.010826 0.996044 -0.088200 9.893700 0.016736 0.088373 0.995947 0.057400 0.000000 0.000000 0.000000 1.000000
0.999834 0.003266 -0.017926 -0.026900 -0.004824 0.996147 -0.087563 9.893700 0.017571 0.087635 0.995998 0.057400 0.000000 0.000000 0.000000 1.000000
0.999709 -0.001988 -0.024043 -0.026900 0.000029 0.996697 -0.081210 9.893700 0.024125 0.081186 0.996407 0.057400 0.000000 0.000000 0.000000 1.000000
0.999556 -0.005120 -0.029357 -0.026900 0.003087 0.997620 -0.068883 9.893700 0.029640 0.068762 0.997193 0.057400 0.000000 0.000000 0.000000 1.000000
0.999531 -0.006373 -0.029960 -0.026900 0.004687 0.998418 -0.056023 9.893700 0.030270 0.055856 0.997980 0.057400 0.000000 0.000000 0.000000 1.000000
0.999398 -0.008518 -0.033617 -0.026900 0.006737 0.998585 -0.052741 9.893700 0.034019 0.052483 0.998042 0.057400 0.000000 0.000000 0.000000 1.000000
0.998749 -0.013019 -0.048278 -0.026900 0.010274 0.998339 -0.056689 9.893700 0.048936 0.056122 0.997224 0.057400 0.000000 0.000000 0.000000 1.000000
0.997556 -0.017866 -0.067542 -0.026900 0.014292 0.998490 -0.053036 9.893700 0.068388 0.051941 0.996306 0.057400 0.000000 0.000000 0.000000 1.000000
